2378.5908115972275,1.4223505799550946e-10
2378.6908115972274,2.67918448636862e-10
2378.7908115972273,5.002083543944328e-10
2378.890811597227,9.25660256832824e-10
2378.990811597227,1.697870841670334e-09
2379.090811597227,3.08681099109149e-09
2379.190811597227,5.562471277166144e-09
2379.290811597227,9.935228971371821e-09
2379.3908115972267,1.758896704160046e-08
2379.4908115972266,3.08642085839836e-08
2379.5908115972265,5.368121180794084e-08
2379.6908115972265,9.254262888257903e-08
2379.7908115972264,1.5812979553519499e-07
2379.8908115972263,2.6781687727114634e-07
2379.990811597226,4.4958781267658657e-07
2380.090811597226,7.480721274969086e-07
2380.190811597226,1.2337432024274693e-06
2380.290811597226,2.0167795438351464e-06
2380.390811597226,3.267717003960626e-06
2380.4908115972257,5.247866807499431e-06
2380.5908115972256,8.353597107807126e-06
2380.6908115972255,1.318003618552659e-05
2380.7908115972255,2.061161564133215e-05
2380.8908115972254,3.194918790060296e-05
2380.9908115972253,4.908626270578233e-05
2381.090811597225,7.475021855009333e-05
2381.190811597225,0.00011282811219903406
2381.290811597225,0.00016880081233509178
2381.390811597225,0.00025031339950675174
2381.490811597225,0.00036791375096587964
2381.5908115972247,0.0005359944556926713
2381.6908115972246,0.0007739749953356844
2381.7908115972245,0.0011077606108153856
2381.8908115972245,0.0015715104116181973
2381.9908115972244,0.002209738906196092
2382.0908115972243,0.003079761016442977
2382.190811597224,0.004254469632595805
2382.290811597224,0.005825405941365452
2382.390811597224,0.007906045625006748
2382.490811597224,0.01063517875146837
2382.590811597224,0.014180208832186136
2382.6908115972237,0.018740139324808773
2382.7908115972236,0.0245479573197789
2382.8908115972235,0.03187206917062279
2382.9908115972235,0.04101639762193825
2383.0908115972234,0.05231872183729559
2383.1908115972233,0.0661468385200216
2383.290811597223,0.08289215187039868
2383.390811597223,0.10296036930086265
2383.490811597223,0.12675909352963147
2383.590811597223,0.15468226173007768
2383.690811597223,0.18709158659311717
2383.7908115972227,0.2242953953524033
2383.8908115972226,0.2665255286064989
2383.9908115972225,0.31391323349735
2384.0908115972225,0.36646524329289704
2384.1908115972224,0.4240414523499983
2384.2908115972223,0.486335745360189
2384.390811597222,0.5528615977001634
2384.490811597222,0.622944008921132
2384.590811597222,0.6957191504063367
2384.690811597222,0.7701427972365742
2384.790811597222,0.8450081811603708
2384.8908115972217,0.9189733665263337
2384.9908115972216,0.990597646343197
2385.0908115972215,1.0583858236908756
2385.1908115972215,1.1208386339183354
2385.2908115972214,1.1765070275773342
2385.3908115972213,1.2240476227711083
2385.490811597221,1.2622763910703259
2385.590811597221,1.2902175937446958
2385.690811597221,1.307145149240781
2385.790811597221,1.3126077293883676
2385.890811597221,1.298530429114747
2385.9908115972207,1.25867282848311
2386.0908115972206,1.1954106891871865
2386.1908115972205,1.1124102064069785
2386.2908115972205,1.0142764616018263
2386.3908115972204,0.9061316102460617
2386.4908115972203,0.7931763694064204
2386.59081159722,0.6802864257139123
2386.69081159722,0.5716857874325841
2386.79081159722,0.4707242126523754
2386.89081159722,0.3797687560211913
2386.99081159722,0.30020331134973205
2387.0908115972197,0.23251730293966236
2387.1908115972196,0.17645689266680714
2387.2908115972195,0.1312095752831073
2387.3908115972195,0.0955951775726553
2387.4908115972194,0.0682417241441108
2387.5908115972193,0.047731771124661565
2387.690811597219,0.03271211770229786
2387.790811597219,0.021966118539936175
2387.890811597219,0.01445245206897783
2387.990811597219,0.009316940126030277
2388.090811597219,0.005885029219141674
2388.1908115972187,0.003642231066628657
2388.2908115972186,0.002208665347193399
2388.3908115972185,0.0013123083506879688
2388.4908115972185,0.0007639860338869264
2388.5908115972184,0.0004357912425441746
2388.6908115972183,0.00024356513962044092
2388.790811597218,0.00013338141273651976
2388.890811597218,7.156802759807708e-05
2388.990811597218,3.76258513714874e-05
2389.090811597218,1.938193688456054e-05
2389.190811597218,9.782538514422466e-06
2389.2908115972177,4.837817819861683e-06
2389.3908115972176,2.3441802649261237e-06
2389.4908115972175,1.1129510229137734e-06
2389.5908115972175,5.177315754678733e-07
2389.6908115972174,2.359808734360027e-07
2389.7908115972173,1.0538832643149649e-07
2389.890811597217,4.611601414510869e-08
2389.990811597217,1.9772180730157423e-08
2390.090811597217,8.30617221748981e-09
2390.190811597217,3.418934993114089e-09
2390.290811597217,1.3788731256597816e-09
2390.3908115972167,5.448805720834637e-10
2390.4908115972166,2.1097057730975728e-10
2390.5908115972165,8.003611718112174e-11
2390.6908115972165,2.9750459890114085e-11
2390.7908115972164,1.0835398986176788e-11
2390.8908115972163,3.866692926987077e-12
2390.990811597216,1.3520041114077499e-12
2391.090811597216,4.631907657398152e-13
2391.190811597216,1.5548386402701728e-13
2391.290811597216,5.113924470263896e-14
2391.390811597216,1.6480365755544047e-14
2391.4908115972157,5.203828010922085e-15
2391.5908115972156,1.6099877628265758e-15
2391.6908115972155,4.880516301406521e-16
2391.7908115972155,1.4496144596946302e-16
2391.8908115972154,4.2187404699031e-17
2391.9908115972153,1.2029751547842627e-17
2392.090811597215,3.3610429225968727e-18
2392.190811597215,9.200999595074287e-19
2392.290811597215,2.46796795587482e-19
2392.390811597215,6.486158743670895e-20
2392.490811597215,1.6702411624709352e-20
2392.5908115972147,4.214192245017514e-21
2392.6908115972146,1.0418208786846517e-21
2392.7908115972145,2.5235698021614668e-22
2392.8908115972145,5.989369946708344e-23
2392.9908115972144,1.392805613062493e-23
2393.0908115972143,3.1735360030336192e-24
2393.190811597214,7.085000789999992e-25
2393.290811597214,1.5498152444065723e-25
2393.390811597214,3.3217237056892e-26
2393.490811597214,6.975745624855949e-27
2393.590811597214,1.4353615784946214e-27
2393.6908115972137,2.8938468976655193e-28
2393.7908115972136,5.716541177891839e-29
2393.8908115972135,1.106457339325634e-29
2393.9908115972135,2.0983578968533533e-30
2394.0908115972134,3.899132606237231e-31
2394.1908115972133,7.099046146717455e-32
2394.290811597213,1.2664135399499886e-32
2394.390811597213,2.2135770482065457e-33
2394.490811597213,3.791030627699313e-34
2394.590811597213,6.361558059026368e-35
2394.690811597213,1.045955599439527e-35
2394.7908115972127,1.685025801844205e-36
2394.8908115972126,2.659765898641772e-37
2394.9908115972125,4.113616713050779e-38
2395.0908115972125,6.233727103459113e-39
2395.1908115972124,9.255828528917817e-40
2395.2908115972123,1.3465620380169622e-40
2395.390811597212,1.9194684814406026e-41
2395.490811597212,2.680890993384351e-42
2395.590811597212,3.668773312120588e-43
2395.690811597212,4.919332217349828e-44
2395.790811597212,6.463012254487743e-45
2395.8908115972117,8.319694094044487e-46
2395.9908115972116,1.0493570600143895e-46
