2378.5908115972275,1.6874091523184165
2378.6908115972274,1.6874091524440997
2378.7908115972273,1.6874091526763897
2378.890811597227,1.6874091531018416
2378.990811597227,1.6874091538740523
2379.090811597227,1.6874091552629924
2379.190811597227,1.6874091577386527
2379.290811597227,1.6874091621114107
2379.3908115972267,1.687409169765149
2379.4908115972266,1.6874091830403912
2379.5908115972265,1.6874092058573957
2379.6908115972265,1.6874092447188154
2379.7908115972264,1.687409310305987
2379.8908115972263,1.6874094199930791
2379.990811597226,1.687409601764035
2380.090811597226,1.6874099002483895
2380.190811597226,1.687410385919542
2380.290811597226,1.6874111689560325
2380.390811597226,1.687412419893778
2380.4908115972257,1.6874144000441234
2380.5908115972256,1.6874175057754437
2380.6908115972255,1.6874223322164263
2380.7908115972255,1.6874297637994116
2380.8908115972254,1.687441101378158
2380.9908115972253,1.6874582384647923
2381.090811597225,1.6874839024420334
2381.190811597225,1.687521980374078
2381.290811597225,1.6875779531425623
2381.390811597225,1.6876594658504303
2381.490811597225,1.687777066413324
2381.5908115972247,1.687945147485479
2381.6908115972246,1.6881831286585245
2381.7908115972245,1.6885169153571735
2381.8908115972245,1.6889806669954435
2381.9908115972244,1.6896188985820724
2382.0908115972243,1.690488925853808
2382.190811597224,1.6916636430167247
2382.290811597224,1.6932345933640942
2382.390811597224,1.6953152559215272
2382.490811597224,1.6980444260173133
2382.590811597224,1.7015895153674174
2382.6908115972237,1.7061495401143696
2382.7908115972236,1.7119575067885928
2382.8908115972235,1.7192818512736827
2382.9908115972235,1.7284265407746802
2383.0908115972234,1.739729420799499
2383.1908115972233,1.7535583861660553
2383.290811597223,1.7703049848683963
2383.390811597223,1.7903751331518154
2383.490811597223,1.814176734261582
2383.590811597223,1.8421041538858842
2383.690811597223,1.8745197100772908
2383.7908115972227,1.911732577291869
2383.8908115972226,1.9539757706935859
2383.9908115972225,2.001382150351428
2384.0908115972225,2.053960643180702
2384.1908115972224,2.1115740980527353
2384.2908115972223,2.173920339879414
2384.390811597222,2.240518046540908
2384.490811597222,2.310699017414799
2384.590811597222,2.383608220297685
2384.690811597222,2.4582126907283586
2384.790811597222,2.533319921762666
2384.8908115972217,2.6076058431949307
2384.9908115972216,2.6796518791754638
2385.0908115972215,2.7479899344736753
2385.1908115972215,2.8111535417219784
2385.2908115972214,2.867732857165638
2385.3908115972213,2.9164307709955404
2385.490811597221,2.9561171433161
2385.590811597221,2.9858781193203745
2385.690811597221,3.0050576327141902
2385.790811597221,3.0132823167484313
2385.890811597221,3.0025625869892263
2385.9908115972207,2.966749636435293
2386.0908115972206,2.9083155154984714
2386.1908115972205,2.831025163836065
2386.2908115972205,2.739582009096641
2386.3908115972204,2.6392026672469955
2386.4908115972203,2.5351743484142504
2386.59081159722,2.4324466720644016
2386.69081159722,2.3353000464512528
2386.79081159722,2.247117924381593
2386.89081159722,2.170273203776115
2386.99081159722,2.1061229157024464
2387.0908115972197,2.0550926463855674
2387.1908115972196,2.0168243672113144
2387.2908115972195,1.9903588470860394
2387.3908115972195,1.974325938750795
2387.4908115972194,1.9671214299381958
2387.5908115972193,1.9670562195581325
2387.690811597219,1.9724707996942508
2387.790811597219,1.9818142345552932
2387.890811597219,1.9936913481170162
2387.990811597219,2.0068844598554723
2388.090811597219,2.020356916696878
2388.1908115972187,2.033245265520123
2388.2908115972186,2.0448456873604948
2388.3908115972185,2.05459873583449
2388.4908115972185,2.0620748513663725
2388.5908115972184,2.066961794019829
2388.6908115972183,2.069054163066961
2388.790811597218,2.068244566669594
2388.890811597218,2.0645157235976455
2388.990811597218,2.0579327433193644
2389.090811597218,2.0486349569890487
2389.190811597218,2.0368268844387347
2389.2908115972177,2.0227681619572966
2389.3908115972176,2.00676248087417
2389.4908115972175,1.989145772222429
2389.5908115972175,1.9702740052776089
2389.6908115972174,1.9505110441270808
2389.7908115972173,1.9302170295383063
2389.890811597217,1.9097377302101557
2389.990811597217,1.8893952472907571
2390.090811597217,1.869480369219049
2390.190811597217,1.8502467710863426
2390.290811597217,1.8319071439018246
2390.3908115972167,1.8146312333914323
2390.4908115972166,1.7985456727595337
2390.5908115972165,1.7837354148750688
2390.6908115972165,1.7702465103081912
2390.7908115972164,1.758089940256055
2390.8908115972163,1.7472461975296276
2390.990811597216,1.7376703127208881
2391.090811597216,1.7292970435023947
2391.190811597216,1.7220459789841818
2391.290811597216,1.7158263540221266
2391.390811597216,1.7105414161811434
2391.4908115972157,1.7060922368658655
2391.5908115972156,1.7023809046654443
2391.6908115972155,1.6993130806662478
2391.7908115972155,1.696799930609372
2391.8908115972154,1.6947594763374163
2391.9908115972153,1.6931174287277848
2392.090811597215,1.691807576582631
2392.190811597215,1.6907718115226096
2392.290811597215,1.6899598688938824
2392.390811597215,1.6893288602785217
2392.490811597215,1.6888426656565305
2392.5908115972147,1.6884712437877922
2392.6908115972146,1.6881899090031938
2392.7908115972145,1.6879786121662135
2392.8908115972145,1.6878212537338115
2392.9908115972144,1.6877050480506304
2393.0908115972143,1.68761995051208
2393.190811597214,1.6875581531340462
2393.290811597214,1.6875136493528298
2393.390811597214,1.68748186544472
2393.490811597214,1.6874593536412439
2393.590811597214,1.6874435406364048
2393.6908115972137,1.6874325245424264
2393.7908115972136,1.6874249132662178
2393.8908115972135,1.6874196975852453
2393.9908115972135,1.6874161527594569
2394.0908115972134,1.6874137632134814
2394.1908115972133,1.6874121655753127
2394.290811597213,1.6874111061030106
2394.390811597213,1.6874104092290625
2394.490811597213,1.6874099545789407
2394.590811597213,1.687409660364752
2394.690811597213,1.6874094715144654
2394.7908115972127,1.6874093512759225
2394.8908115972126,1.6874092753402472
2394.9908115972125,1.6874092277708128
2395.0908115972125,1.6874091982115371
2395.1908115972124,1.6874091799916044
2395.2908115972123,1.6874091688514734
2395.390811597212,1.6874091620948832
2395.490811597212,1.6874091580298731
2395.590811597212,1.687409155603847
2395.690811597212,1.6874091541675915
2395.790811597212,1.6874091533241145
2395.8908115972117,1.6874091528327286
2395.9908115972116,1.6874091525487525
