0,7.190223326753697e-14
1,1.1931914576313893e-13
2,1.9730814561565347e-13
3,3.2512249420936984e-13
4,5.338461865621637e-13
5,8.734788530545271e-13
6,1.4241501148307811e-12
7,2.3138023985002233e-12
8,3.745966492320384e-12
9,6.043223179935619e-12
10,9.714948483761908e-12
11,1.556250465320534e-11
12,2.4841945820676058e-11
13,3.95147146322806e-11
14,6.26324230025225e-11
15,9.892514604772268e-11
16,1.5569738220858025e-10
17,2.441872842955055e-10
18,3.816206815502894e-10
19,5.94302947749011e-10
20,9.222549387065731e-10
21,1.4261369046454482e-09
22,2.1975490169860842e-09
23,3.374294989743888e-09
24,5.162911098572782e-09
25,7.87178765606817e-09
26,1.1959670578926509e-08
27,1.8106403244479874e-08
28,2.7315696748906798e-08
29,4.1063834482971254e-08
30,6.151398217501529e-08
31,9.182380980415705e-08
32,1.3658527986698397e-07
33,2.024508523542592e-07
34,2.990215207736103e-07
35,4.401010512044691e-07
36,6.454602317119814e-07
37,9.433083892942908e-07
38,1.3737415301980763e-06
39,1.993533244387817e-06
40,2.882763805620825e-06
41,4.153954761665619e-06
42,5.964603625181351e-06
43,8.534312421921126e-06
44,1.2168095518316372e-05
45,1.7287962297728273e-05
46,2.4475531240679602e-05
47,3.452928382931831e-05
48,4.854115862267409e-05
49,6.79985777850721e-05
50,9.491976277772307e-05
51,0.00013203241973829452
52,0.00018300866151566025
53,0.0002527725038854967
54,0.0003479005696418831
55,0.00047714191900228333
56,0.0006520893834726767
57,0.0008880426210479474
58,0.0012051125632648128
59,0.0016296282387112183
60,0.0021959203982875324
61,0.0029485722093392443
62,0.003945245803626064
63,0.005260214920930541
64,0.006988758520946442
65,0.009252598227647933
66,0.012206593936093276
67,0.01604694686184474
68,0.021021197620026074
69,0.02744034827863208
70,0.035693481210961414
71,0.04626529317692142
72,0.05975700927461808
73,0.07691118673449351
74,0.09864096107334942
75,0.12606432452062818
76,0.1605440560183101
77,0.20373394011252777
78,0.25763191482383396
79,0.3246407717439893
80,0.4076369903713265
81,0.5100482179376564
82,0.6359398003651606
83,0.7901106241612659
84,0.9781983378495172
85,1.2067937802526074
86,1.4835641476908592
87,1.8173840801947132
88,2.2184734369713297
89,2.6985400644138036
90,3.2709253391121953
91,3.9507496996672042
92,4.755054773884952
93,5.70293807494488
94,6.815675597940818
95,8.116827017213689
96,9.632317589335559
97,11.390490334229536
98,13.422121628566245
99,15.760393034501915
100,18.44081203770045
101,21.501074416358115
102,24.980861241410423
103,28.921564048247635
104,33.36593254852624
105,38.35764038700946
106,43.940765904390844
107,50.159186644122414
108,57.055888428837996
109,64.67219220616913
110,73.046904486387
111,82.21540001227821
112,92.20864824707671
113,103.05219825714913
114,114.76513950787732
115,127.35905887883969
116,140.83701672559778
117,155.19256695407338
118,170.40884771416367
119,186.45777035175288
120,203.29933458293203
121,220.8810973869362
122,239.13782179156084
123,257.9913295084058
124,277.3505782561755
125,297.11198061169006
126,317.1599764076115
127,337.3678651453232
128,357.5988987368746
129,377.7076282888121
130,397.54149177780346
131,416.9426225499356
132,435.7498518242107
133,453.80087202515364
134,470.93452203717925
135,486.99315058157276
136,501.8250100630744
137,515.2866305862738
138,527.2451225352104
139,537.5803562327761
140,546.186968791804
141,552.9761513280281
142,557.8771741651178
143,560.8386134112454
144,561.8292491648134
145,560.8386134112453
146,557.8771741651176
147,552.9761513280278
148,546.1869687918037
149,537.5803562327756
150,527.2451225352097
151,515.2866305862731
152,501.8250100630736
153,486.9931505815719
154,470.93452203717834
155,453.8008720251526
156,435.74985182420954
157,416.94262254993447
158,397.5414917778024
159,377.70762828881095
160,357.5988987368735
161,337.36786514532207
162,317.15997640761043
163,297.11198061168886
164,277.3505782561744
165,257.99132950840465
166,239.13782179155982
167,220.88109738693518
168,203.29933458293104
169,186.45777035175198
170,170.40884771416282
171,155.1925669540725
172,140.83701672559698
173,127.35905887883897
174,114.76513950787663
175,103.05219825714849
176,92.20864824707611
177,82.21540001227767
178,73.04690448638652
179,64.67219220616867
180,57.05588842883759
181,50.15918664412206
182,43.940765904390496
183,38.357640387009155
184,33.36593254852597
185,28.92156404824739
186,24.980861241410224
187,21.501074416357927
188,18.440812037700287
189,15.760393034501774
190,13.422121628566114
191,11.390490334229424
192,9.632317589335473
193,8.116827017213609
194,6.815675597940752
195,5.7029380749448295
196,4.755054773884905
197,3.9507496996671585
198,3.27092533911216
199,2.6985400644137747
200,2.218473436971306
201,1.8173840801946923
202,1.483564147690842
203,1.2067937802525945
204,0.9781983378495049
205,0.7901106241612561
206,0.6359398003651526
207,0.5100482179376501
208,0.40763699037132145
209,0.3246407717439853
210,0.2576319148238308
211,0.20373394011252505
212,0.16054405601830807
213,0.12606432452062663
214,0.09864096107334819
215,0.07691118673449257
216,0.05975700927461713
217,0.04626529317692068
218,0.035693481210960845
219,0.027440348278631642
220,0.02102119762002574
221,0.016046946861844484
222,0.01220659393609308
223,0.009252598227647766
224,0.006988758520946331
225,0.005260214920930457
226,0.003945245803626001
227,0.0029485722093391975
228,0.002195920398287497
229,0.0016296282387111925
230,0.0012051125632647935
231,0.0008880426210479332
232,0.000652089383472664
233,0.00047714191900227396
234,0.0003479005696418763
235,0.0002527725038854918
236,0.0001830086615156567
237,0.00013203241973829216
238,9.491976277772123e-05
239,6.799857778507077e-05
240,4.854115862267306e-05
241,3.4529283829317695e-05
242,2.447553124067917e-05
243,1.7287962297727907e-05
244,1.2168095518316155e-05
245,8.534312421920943e-06
246,5.964603625181224e-06
247,4.153954761665531e-06
248,2.8827638056207736e-06
249,1.993533244387774e-06
250,1.373741530198052e-06
251,9.43308389294274e-07
252,6.454602317119677e-07
253,4.401010512044613e-07
254,2.99021520773604e-07
