2381.44252208351,0.8227265035443824
2381.54252208351,0.8249003860379747
2381.64252208351,0.8272019888426478
2381.74252208351,0.8296414989691284
2381.8425220835097,0.8322301341702552
2381.9425220835096,0.8349802696055665
2382.0425220835095,0.8379055828390101
2382.1425220835094,0.8410212202232761
2382.2425220835094,0.8443439882985702
2382.3425220835093,0.8478925745279258
2382.442522083509,0.8516878025328163
2382.542522083509,0.85575292801597
2382.642522083509,0.8601139828054828
2382.742522083509,0.864800175978734
2382.842522083509,0.8698443628928046
2382.9425220835087,0.8752835952433586
2383.0425220835086,0.881159768100642
2383.1425220835085,0.8875203833598708
2383.2425220835084,0.8944194533568373
2383.3425220835084,0.9019185737407518
2383.4425220835083,0.9100882013158141
2383.542522083508,0.9190091807675858
2383.642522083508,0.928774574350032
2383.742522083508,0.9394918611600069
2383.842522083508,0.9512855880619593
2383.942522083508,0.9643005731694059
2384.0425220835077,0.9787057855212528
2384.1425220835076,0.9946990514972208
2384.2425220835075,1.0125127693956306
2384.3425220835074,1.0324208472000165
2384.4425220835074,1.0547471115657072
2384.5425220835073,1.079875461208893
2384.642522083507,1.1082620406788668
2384.742522083507,1.1404496633613088
2384.842522083507,1.1770845647206944
2384.942522083507,1.2189352270407148
2385.042522083507,1.2669123251246428
2385.1425220835067,1.3220875244460577
2385.2425220835066,1.3857064654609847
2385.3425220835065,1.4591870773977755
2385.4425220835064,1.5440873582994739
2385.5425220835064,1.6420157199729677
2385.6425220835063,1.7544411868210363
2385.742522083506,1.882341940643864
2385.842522083506,2.025618061743455
2385.942522083506,2.182213009726486
2386.042522083506,2.3469883523440838
2386.142522083506,2.5106409080705667
2386.2425220835057,2.6593405500309624
2386.3425220835056,2.7760666102734683
2386.4425220835055,2.8442706864384095
2386.5425220835054,2.8479730790176094
2386.6425220835054,2.743390984791006
2386.7425220835053,2.5529734912344764
2386.842522083505,2.32565800539321
2386.942522083505,2.1008521779181737
2387.042522083505,1.9001061020426921
2387.142522083505,1.7307515386475925
2387.242522083505,1.5922409439383838
2387.3425220835047,1.4807939723502253
2387.4425220835046,1.3918922553384085
2387.5425220835045,1.3213567325597464
2387.6425220835044,1.2656951867629553
2387.7425220835044,1.2221302138177341
2387.8425220835043,1.1885105480890719
2387.942522083504,1.1631942039419605
2388.042522083504,1.1449366606460605
2388.142522083504,1.132792771568109
2388.242522083504,1.126030894666012
2388.342522083504,1.1240539247206947
2388.4425220835037,1.1263210553416365
2388.5425220835036,1.1322652831788225
2388.6425220835035,1.1412054023143439
2388.7425220835034,1.1522587458365172
2388.8425220835034,1.1642728724828006
2388.9425220835033,1.1758083783951983
2389.042522083503,1.1852125213301532
2389.142522083503,1.190809909672835
2389.242522083503,1.191191519025023
2389.342522083503,1.186259554813719
2389.442522083503,1.1801036213535139
2389.5425220835027,1.173374780010306
2389.6425220835026,1.1660560024015458
2389.7425220835025,1.1581552917456173
2389.8425220835024,1.1497019455244772
2389.9425220835024,1.1407425635480668
2390.0425220835023,1.131336969378796
2390.142522083502,1.1215542236967257
2390.242522083502,1.1114688949417029
2390.342522083502,1.101157721791459
2390.442522083502,1.0906967611461822
2390.542522083502,1.0801590714449039
2390.6425220835017,1.0696129401957628
2390.7425220835016,1.0591206305668759
2390.8425220835015,1.04873759681931
2390.9425220835014,1.0385121026458493
2391.0425220835014,1.028485169254554
2391.1425220835013,1.01869077971967
2391.242522083501,1.0091562708428903
2391.342522083501,0.9999028516994728
2391.442522083501,0.9909461976126746
2391.542522083501,0.9822970782815131
2391.642522083501,0.9739619883194499
2391.7425220835007,0.9659437570096759
2391.8425220835006,0.9582421213743281
2391.9425220835005,0.9508542526124784
2392.0425220835004,0.9437752306377757
2392.1425220835004,0.9369984649712327
2392.2425220835003,0.9305160627853202
2392.3425220835,0.9243191466292418
2392.4425220835,0.9183981254607855
2392.5425220835,0.9127429232180982
2392.6425220835,0.9073431694131856
2392.7425220835,0.9021883562226491
2392.8425220834997,0.8972679663730916
2392.9425220834996,0.8925715758324014
2393.0425220834995,0.8880889349712587
2393.1425220834994,0.8838100314859421
2393.2425220834994,0.879725137997756
2393.3425220834993,0.8758248468819918
2393.442522083499,0.8721000945401913
2393.542522083499,0.8685421770190983
2393.642522083499,0.8651427586004976
2393.742522083499,0.8618938747384242
2393.842522083499,0.858787930502908
2393.9425220834987,0.855817695500532
2394.0425220834986,0.8529762960792184
2394.1425220834985,0.850257205485188
2394.2425220834984,0.8476542325213373
2394.3425220834984,0.8451615091557914
2394.4425220834983,0.8427734774447492
2394.542522083498,0.8404848760627831
2394.642522083498,0.8382907266745168
2394.742522083498,0.8361863203323863
2394.842522083498,0.8341672040444563
2394.942522083498,0.832229167622704
2395.0425220834977,0.8303682308946714
2395.1425220834976,0.8285806313389372
2395.2425220834975,0.8268628121866444
2395.3425220834974,0.8252114110166322
2395.4425220834974,0.8236232488599691
2395.5425220834973,0.822095319820343
2395.642522083497,0.8206247812094406
2395.742522083497,0.8192089441907551
2395.842522083497,0.8178452649209232
2395.942522083497,0.8165313361744485
2396.042522083497,0.815264879435319
2396.1425220834967,0.814043737437396
2396.2425220834966,0.8128658671344019
2396.3425220834965,0.8117293330797415
2396.4425220834964,0.8106323011961699
2396.5425220834964,0.8095730329153773
2396.6425220834963,0.8085498796678424
2396.742522083496,0.8075612777037543
2396.842522083496,0.8066057432263738
2396.942522083496,0.8056818678198671
2397.042522083496,0.8047883141543661
2397.142522083496,0.8039238119517734
