0.0,0.0262969116209142
1.0,0.02893435964806707
2.0,0.031813031305500616
3.0,0.034952502806548665
4.0,0.038373689275038265
5.0,0.042098912654592015
6.0,0.04615197089498292
7.0,0.05055820822219842
8.0,0.05534458627421381
9.0,0.06053975585876924
10.0,0.06617412906275227
11.0,0.07227995141520914
12.0,0.07889137377764383
13.0,0.08604452360623287
14.0,0.09377757520103036
15.0,0.10213081852731425
16.0,0.11114672616409493
17.0,0.12087001790467727
18.0,0.13134772250422322
19.0,0.14262923603974487
20.0,0.15476637631909476
21.0,0.1678134327475737
22.0,0.18182721103402005
23.0,0.19686707209295026
24.0,0.21299496447581365
25.0,0.2302754496429845
26.0,0.2487757193690905
27.0,0.26856560455798206
28.0,0.2897175747304235
29.0,0.31230672743778026
30.0,0.3364107668489142
31.0,0.36210997075554585
32.0,0.38948714524380873
33.0,0.4186275662869618
34.0,0.44961890752654377
35.0,0.4825511535269611
36.0,0.5175164978118922
37.0,0.554609225020213
38.0,0.5939255765546793
39.0,0.6355635991385107
40.0,0.6796229757435205
41.0,0.7262048384086675
42.0,0.7754115625299315
43.0,0.82734654227138
44.0,0.8821139468230934
45.0,0.9398184573143071
46.0,1.0005649842795827
47.0,1.0644583656718438
48.0,1.1316030455185653
49.0,1.202102733425961
50.0,1.2760600452503266
51.0,1.35357612537542
52.0,1.434750251159338
53.0,1.5196794202433341
54.0,1.6084579215477037
55.0,1.7011768909157028
56.0,1.797923852504585
57.0,1.8987822471625708
58.0,2.0038309491709536
59.0,2.11314377287075
60.0,2.226788970832333
61.0,2.344828725363311
62.0,2.4673186352835756
63.0,2.594307200025713
64.0,2.7258353032429246
65.0,2.8619356982239417
66.0,3.00263249752411
67.0,3.147940669322744
68.0,3.297865543107719
69.0,3.452402327368226
70.0,3.611535642044307
71.0,3.775239068536346
72.0,3.943474720118063
73.0,4.116192835621768
74.0,4.293331399273855
75.0,4.474815789550941
76.0,4.660558459901954
77.0,4.850458654138299
78.0,5.044402159232434
79.0,5.2422610981843905
80.0,5.443893765515808
81.0,5.649144507831659
82.0,5.857843651751146
83.0,6.069807481351461
84.0,6.284838267091284
85.0,6.502724347985939
86.0,6.723240268593167
87.0,6.9461469721387115
88.0,7.171192050865008
89.0,7.3981100544254215
90.0,7.626622856871879
91.0,7.856440082496841
92.0,8.087259590492716
93.0,8.31876801808488
94.0,8.550641381480036
95.0,8.78254573365165
96.0,9.014137877660676
97.0,9.24506613388459
98.0,9.474971159203392
99.0,9.703486815869342
100.0,9.93024108747058
101.0,10.154857039089206
102.0,10.376953818454398
103.0,10.59614769460286
104.0,10.812053130284443
105.0,11.024283884092473
106.0,11.232454138058095
107.0,11.43617964622786
108.0,11.63507889954564
109.0,11.828774302185712
110.0,12.016893354334787
111.0,12.199069836298678
112.0,12.374944988715287
113.0,12.544168683590756
114.0,12.706400580841024
115.0,12.861311265017084
116.0,13.008583356919818
117.0,13.147912594869151
118.0,13.279008880483065
119.0,13.401597283943806
120.0,13.515419003881723
121.0,13.620232277190324
122.0,13.715813234298754
123.0,13.801956695668801
124.0,13.878476905551253
125.0,13.94520819932964
126.0,14.00200560109613
127.0,14.048745348442772
128.0,14.085325341809325
129.0,14.11166551610426
130.0,14.12770813270568
131.0,14.133417990351674
132.0,14.12878255384196
133.0,14.113811999892173
134.0,14.08853917990606
135.0,14.053019499856193
136.0,14.007330717887896
137.0,13.951572660681293
138.0,13.885866860019519
139.0,13.810356111415052
140.0,13.725203957037682
141.0,13.630594095564685
142.0,13.526729721933673
143.0,13.413832800319161
144.0,13.292143273973025
145.0,13.161918215864663
146.0,13.023430924327227
147.0,12.876969968159964
148.0,12.722838185852323
149.0,12.561351643781851
150.0,12.39283855839392
151.0,12.217638187496721
152.0,12.036099695898667
153.0,11.848581000677804
154.0,11.655447601403456
155.0,11.457071400629745
156.0,11.25382951994916
157.0,11.046103116832587
158.0,10.83427620739122
159.0,10.618734500076501
160.0,10.399864245187995
161.0,10.178051104887272
162.0,9.953679048220275
163.0,9.727129275432656
164.0,9.4987791756244
165.0,9.269001321533487
166.0,9.038162504965507
167.0,8.806622816099189
168.0,8.574734769598873
169.0,8.342842480156378
170.0,8.11128088976855
171.0,7.880375048735539
172.0,7.650439452040507
173.0,7.421777432446264
174.0,7.194680611320612
175.0,6.969428407881664
176.0,6.746287607239316
177.0,6.525511987301252
178.0,6.307342004313015
179.0,6.092004536513523
180.0,5.879712685111512
181.0,5.670665631526032
182.0,5.465048549586611
183.0,5.263032571157198
184.0,5.064774803433323
185.0,4.870418395964943
186.0,4.68009265527883
187.0,4.493913204814486
188.0,4.311982187746938
189.0,4.134388510148341
190.0,3.9612081218383266
191.0,3.7925043321902914
192.0,3.6283281580970246
193.0,3.468718701254007
194.0,3.313703551891762
195.0,3.163299216079274
196.0,3.017511563727983
197.0,2.876336294449494
198.0,2.7397594184589362
199.0,2.607757749769061
200.0,2.4802994089865393
201.0,2.3573443331006594
202.0,2.238844789744383
203.0,2.1247458935077
204.0,2.0149861219919982
205.0,1.9094978294108071
206.0,1.8082077556655733
207.0,1.7110375289538864
208.0,1.617904160100854
209.0,1.5287205269408508
210.0,1.4433958472157098
211.0,1.3618361385955848
212.0,1.2839446645690817
213.0,1.2096223650891293
214.0,1.1387682709993734
215.0,1.0712799014019867
216.0,1.007053643260828
217.0,0.9459851126632871
218.0,0.8879694972892268
219.0,0.8329018797556426
220.0,0.7806775416206121
221.0,0.7311922479392311
222.0,0.6843425123673578
223.0,0.6400258429056797
224.0,0.5981409684667727
225.0,0.5585880465312011
226.0,0.5212688522352497
227.0,0.486086949302537
228.0,0.4529478432945134
229.0,0.4217591177107705
230.0,0.3924305535192987
231.0,0.3648742327393963
232.0,0.33900462673613263
233.0,0.3147386699152139
234.0,0.2919958195310983
235.0,0.27069810233949854
236.0,0.2507701488382628
237.0,0.23213921584838745
238.0,0.21473519818985587
239.0,0.19849063020549285
240.0,0.18334067788037076
241.0,0.16922312229486694
242.0,0.15607833513659441
243.0,0.14384924698042872
244.0,0.1324813090271032
245.0,0.12192244896963965
246.0,0.1121230216335729
247.0,0.10303575501180584
248.0,0.09461569228831634
249.0,0.08682013041709712
250.0,0.07960855579393224
251.0,0.07294257752915315
252.0,0.06678585879960654
253.0,0.06110404672794455
254.0,0.05586470120721039
