0.0,4.464864686559795e-16
1.0,2.8508140039635823e-15
2.0,1.7416792858639373e-14
3.0,1.0181369785565163e-13
4.0,5.694858754251893e-13
5.0,3.047883930133673e-12
6.0,1.560819249381416e-11
7.0,7.647958491669086e-11
8.0,3.585726436695423e-10
9.0,1.6085979297321452e-09
10.0,6.90488705304027e-09
11.0,2.8359879017768804e-08
12.0,1.1145277596582138e-07
13.0,4.190985202172148e-07
14.0,1.507926196671755e-06
15.0,5.191379360371892e-06
16.0,1.7101104759674823e-05
17.0,5.390192681351006e-05
18.0,0.00016256353475254954
19.0,0.00046911648992363833
20.0,0.0012953197447270754
21.0,0.0034222520581402485
22.0,0.00865138665705527
23.0,0.020926575890860288
24.0,0.04843388925276434
25.0,0.1072603568063622
26.0,0.22728347015389658
27.0,0.46082410371132937
28.0,0.8940076681591996
29.0,1.6595334935303767
30.0,2.947606607398579
31.0,5.009469561087679
32.0,8.14615527606785
33.0,12.67512781156848
34.0,18.870818250830787
35.0,26.882387544046676
36.0,36.64237920700701
37.0,47.790130153085435
38.0,59.639155208286574
39.0,71.21368743161682
40.0,81.36435506508894
41.0,88.94952227761526
42.0,93.04472890234489
43.0,93.59408598856845
44.0,93.52830685296682
45.0,93.39553414788003
46.0,93.19605331527791
47.0,92.93029270085894
48.0,92.59882202143903
49.0,92.20235032992427
50.0,91.7417234880417
51.0,91.21792115943617
52.0,90.63205333809395
53.0,89.9853564293107
54.0,89.27918890256933
55.0,88.5150265377167
56.0,87.69445728771831
57.0,86.81917578301173
58.0,85.89097750406626
59.0,84.91175265017633
60.0,83.88347973376392
61.0,82.8082189305331
62.0,81.68810521670257
63.0,80.52534132523866
64.0,79.32219055351474
65.0,78.08096945513792
66.0,76.80404044880589
67.0,75.49380437699179
68.0,74.1526930470026
69.0,72.78316178652445
70.0,71.38768204515931
71.0,69.96873407268077
72.0,68.5287997037986
73.0,67.0703552781315
74.0,65.5958647228563
75.0,64.10777282413727
76.0,62.60849871195659
77.0,61.10042958137489
78.0,59.58591467156337
79.0,58.067259522179164
80.0,56.54672052481593
81.0,55.02649978536579
82.0,53.50874031119049
83.0,51.99552153503149
84.0,50.48885518560541
85.0,48.990681512843956
86.0,47.50286587376101
87.0,46.027195682974146
88.0,44.56537772998721
89.0,43.1190358634642
90.0,41.68970904090479
91.0,40.27884974037654
92.0,38.887822729279
93.0,37.5179041835171
94.0,36.170281148954494
95.0,34.84605133560682
96.0,33.54622323372723
97.0,32.27171653973563
98.0,31.02336287885327
99.0,29.80190681032879
100.0,28.60800710028085
101.0,27.44223824644024
102.0,26.30509223844744
103.0,25.196980536852333
104.0,24.118236253568288
105.0,23.069116516251125
106.0,22.049804998902033
107.0,21.060414600928677
108.0,20.100990256936278
109.0,19.17151185965562
110.0,18.27189727864336
111.0,17.40200545770469
112.0,16.561639574385108
113.0,15.75055024534899
114.0,14.96843876200272
115.0,14.214960341321525
116.0,13.489727377496086
117.0,12.792312680719887
118.0,12.12225269018497
119.0,11.47905064913486
120.0,10.862179730632866
121.0,10.271086103534556
122.0,9.70519192899962
123.0,9.163898278732935
124.0,8.646587967003354
125.0,8.152628289344465
126.0,7.6813736616900625
127.0,7.232168154532967
128.0,6.804347917514734
129.0,6.397243490651393
130.0,6.010181999173338
131.0,5.642489229701634
132.0,5.293491586196196
133.0,4.962517924790406
134.0,4.648901267269637
135.0,4.351980393556219
136.0,4.071101314128864
137.0,3.80561862382978
138.0,3.5548967389963977
139.0,3.318311020296963
140.0,3.095248784049638
141.0,2.8851102051637834
142.0,2.6873091151599646
143.0,2.501273699002861
144.0,2.326447094719564
145.0,2.1622878999758326
146.0,2.0082705899461573
147.0,1.8638858509415546
148.0,1.728640834353318
149.0,1.6020593355335027
150.0,1.4836819022654162
151.0,1.3730658774818503
152.0,1.269785380867228
153.0,1.1734312339341906
154.0,1.0836108330975982
155.0,0.9999479751813948
156.0,0.9220826396884259
157.0,0.8496707320419788
158.0,0.7823837918726732
159.0,0.7199086702770617
160.0,0.6619471798169826
161.0,0.6082157208628745
162.0,0.558444887711801
163.0,0.5123790577333315
164.0,0.4697759666151974
165.0,0.43040627259728775
166.0,0.39405311239824564
167.0,0.36051165135500374
168.0,0.32958863011311096
169.0,0.30110191002565095
170.0,0.27488001924186517
171.0,0.2507617012940788
172.0,0.22859546782386367
173.0,0.20823915692621067
174.0,0.1895594984343317
175.0,0.1724316873179911
176.0,0.15673896622538072
177.0,0.14237221806270448
178.0,0.12922956937712124
179.0,0.11721600518755576
180.0,0.10624299579426913
181.0,0.0962281359919593
182.0,0.08709479701250612
183.0,0.07877179143221844
184.0,0.07119305119442411
185.0,0.06429731882133388
186.0,0.05802785181908247
187.0,0.05233214021649664
188.0,0.047161637121201166
189.0,0.042471502125880425
190.0,0.038220357352585915
191.0,0.03437005588361017
192.0,0.03088546229334244
193.0,0.027734244966354044
194.0,0.024886679862432603
195.0,0.02231546536906373
196.0,0.01999554786564966
197.0,0.01790395761123667
198.0,0.016019654558399973
199.0,0.01432338368991643
200.0,0.0127975394716481
201.0,0.011426039014399867
202.0,0.010194203539130062
203.0,0.009088647743541824
204.0,0.008097176673520919
205.0,0.00720868970989233
206.0,0.006413091289329905
207.0,0.005701207987774631
208.0,0.00506471160521239
209.0,0.004496047901961609
210.0,0.003988370648568199
211.0,0.003535480663853581
212.0,0.0031317695284824192
213.0,0.0027721676744874983
214.0,0.002452096564404733
215.0,0.002167424686933339
216.0,0.0019144271092595144
217.0,0.0016897483392907093
218.0,0.001490368263974911
219.0,0.0013135709425683025
220.0,0.0011569160461156595
221.0,0.0010182127464793114
222.0,0.0008954958699604302
223.0,0.0007870041418721733
224.0,0.0006911603593265109
225.0,0.0006065533399683081
226.0,0.0005319215044200359
227.0,0.000466137959780846
228.0,0.000408196960651358
229.0,0.00035720163283034945
230.0,0.0003123528530547914
231.0,0.0002729391859359165
232.0,0.0002383277865893935
233.0,0.00020795618437701176
234.0,0.0001813248696822157
235.0,0.00015799061174513903
236.0,0.0001375604412984976
237.0,0.00011968623708857335
238.0,0.00010405986035090769
239.0,9.040878595409432e-05
240.0,7.84921832432528e-05
241.0,6.809740362356649e-05
242.0,5.903683563980307e-05
243.0,5.1145091746023036e-05
244.0,4.427649413646004e-05
245.0,3.830282993925032e-05
246.0,3.311134877433545e-05
247.0,2.8602978160027184e-05
248.0,2.4690734533479636e-05
249.0,2.1298309742195134e-05
250.0,1.8358814779663358e-05
251.0,1.581366429068526e-05
252.0,1.3611586972654962e-05
253.0,1.1707748459246808e-05
254.0,1.0062974603179142e-05
