0,16.337454
1,18.479066
2,20.872766
3,23.544219
4,26.521185
5,29.833614
6,33.513759
7,37.596269
8,42.118284
9,47.119527
10,52.642378
11,58.731948
12,65.436134
13,72.805667
14,80.894140
15,89.758021
16,99.456644
17,110.052181
18,121.609593
19,134.196548
20,147.883315
21,162.742632
22,178.849536
23,196.281165
24,215.116520
25,235.436191
26,257.322054
27,280.856915
28,306.124126
29,333.207157
30,362.189127
31,393.152302
32,426.177544
33,461.343735
34,498.727157
35,538.400846
36,580.433908
37,624.890817
38,671.830684
39,721.306512
40,773.364437
41,828.042955
42,885.372160
43,945.372973
44,1008.056393
45,1073.422761
46,1141.461051
47,1212.148197
48,1285.448459
49,1361.312843
50,1439.678574
51,1520.468637
52,1603.591394
53,1688.940278
54,1776.393578
55,1865.814319
56,1957.050239
57,2049.933878
58,2144.282774
59,2239.899775
60,2336.573469
61,2434.078732
62,2532.177397
63,2630.619042
64,2729.141897
65,2827.473866
66,2925.333656
67,3022.432021
68,3118.473093
69,3213.155814
70,3306.175450
71,3397.225168
72,3485.997686
73,3572.186968
74,3655.489953
75,3735.608311
76,3812.250209
77,3885.132067
78,3953.980302
79,4018.533027
80,4078.541711
81,4133.772767
82,4184.009068
83,4229.051364
84,4268.719601
85,4302.854118
86,4331.316718
87,4353.991600
88,4370.786142
89,4381.631535
90,4386.483250
91,4386.345004
92,4384.252081
93,4380.407644
94,4374.816302
95,4367.484753
96,4358.421773
97,4347.638197
98,4335.146896
99,4320.962753
100,4305.102633
101,4287.585351
102,4268.431632
103,4247.664072
104,4225.307093
105,4201.386896
106,4175.931409
107,4148.970232
108,4120.534581
109,4090.657229
110,4059.372440
111,4026.715903
112,3992.724670
113,3957.437080
114,3920.892690
115,3883.132201
116,3844.197380
117,3804.130989
118,3762.976700
119,3720.779023
120,3677.583218
121,3633.435224
122,3588.381570
123,3542.469298
124,3495.745882
125,3448.259146
126,3400.057181
127,3351.188271
128,3301.700808
129,3251.643215
130,3201.063871
131,3150.011034
132,3098.532762
133,3046.676846
134,2994.490736
135,2942.021471
136,2889.315612
137,2836.419175
138,2783.377572
139,2730.235544
140,2677.037109
141,2623.825501
142,2570.643120
143,2517.531480
144,2464.531162
145,2411.681766
146,2359.021876
147,2306.589012
148,2254.419600
149,2202.548937
150,2151.011160
151,2099.839220
152,2049.064855
153,1998.718574
154,1948.829631
155,1899.426018
156,1850.534444
157,1802.180331
158,1754.387807
159,1707.179698
160,1660.577529
161,1614.601524
162,1569.270612
163,1524.602430
164,1480.613332
165,1437.318402
166,1394.731464
167,1352.865099
168,1311.730661
169,1271.338295
170,1231.696962
171,1192.814456
172,1154.697431
173,1117.351426
174,1080.780892
175,1044.989219
176,1009.978769
177,975.750902
178,942.306008
179,909.643544
180,877.762059
181,846.659236
182,816.331919
183,786.776153
184,757.987215
185,729.959651
186,702.687311
187,676.163386
188,650.380440
189,625.330447
190,601.004827
191,577.394480
192,554.489820
193,532.280811
194,510.756996
195,489.907536
196,469.721240
197,450.186596
198,431.291802
199,413.024799
200,395.373298
201,378.324813
202,361.866681
203,345.986100
204,330.670147
205,315.905805
206,301.679992
207,287.979578
208,274.791412
209,262.102343
210,249.899238
211,238.169006
212,226.898612
213,216.075096
214,205.685593
215,195.717344
216,186.157714
217,176.994203
218,168.214461
219,159.806301
220,151.757705
221,144.056840
222,136.692064
223,129.651934
224,122.925216
225,116.500890
226,110.368156
227,104.516441
228,98.935402
229,93.614929
230,88.545152
231,83.716438
232,79.119399
233,74.744889
234,70.584006
235,66.628094
236,62.868740
237,59.297776
238,55.907277
239,52.689557
240,49.637174
241,46.742918
242,43.999819
243,41.401133
244,38.940350
245,36.611183
246,34.407566
247,32.323652
248,30.353807
249,28.492608
250,26.734836
251,25.075473
252,23.509696
253,22.032875
254,20.640567
