0.0,1.7114673287325587e-25
1.0,3.212815366009644e-25
2.0,6.012772687165568e-25
3.0,1.121852255067674e-24
4.0,2.086740317668244e-24
5.0,3.8696618072081396e-24
6.0,7.154008919954023e-24
7.0,1.3185536513339664e-23
8.0,2.4228024064098716e-23
9.0,4.438232498432268e-23
10.0,8.105390894550653e-23
11.0,1.4757396343724972e-22
12.0,2.6786586945784286e-22
13.0,4.847266330471304e-22
14.0,8.744767078058743e-22
15.0,1.5727926549597173e-21
16.0,2.8201133245961952e-21
17.0,5.041195163989848e-21
18.0,8.984053378270878e-21
19.0,1.5961841663590488e-20
20.0,2.827258610910875e-20
21.0,4.992521395240669e-20
22.0,8.789136232503948e-20
23.0,1.5425680068457058e-19
24.0,2.6990709790782906e-19
25.0,4.708213558396175e-19
26.0,8.187849736501385e-19
27.0,1.4195655008996633e-18
28.0,2.4536514572865936e-18
29.0,4.228069989617283e-18
30.0,7.263456281341032e-18
31.0,1.2439884500192558e-17
32.0,2.1240328615158798e-17
33.0,3.6155800152041023e-17
34.0,6.13573486884854e-17
35.0,1.0380709917088658e-16
36.0,1.7508921167837743e-16
37.0,2.9441747367944943e-16
38.0,4.935596396383313e-16
39.0,8.248738906929869e-16
40.0,1.3743816193634113e-15
41.0,2.2829635714348777e-15
42.0,3.780615295854037e-15
43.0,6.2416276197000286e-15
44.0,1.027318442381282e-14
45.0,1.6857150984761828e-14
46.0,2.7576245130933267e-14
47.0,4.497363049747986e-14
48.0,7.312276853869678e-14
49.0,1.1852751164255397e-13
50.0,1.9153915627026754e-13
51.0,3.085800430494886e-13
52.0,4.956213003000373e-13
53.0,7.936041906153193e-13
54.0,1.2668634433550973e-12
55.0,2.0161717181731044e-12
56.0,3.1988737098557e-12
57.0,5.0598603789126055e-12
58.0,7.979061892007564e-12
59.0,1.2544027478843363e-11
60.0,1.966047570363188e-11
61.0,3.0720120088368e-11
62.0,4.7854596483711116e-11
63.0,7.431838615139015e-11
64.0,1.150643382500227e-10
65.0,1.776057738111977e-10
66.0,2.7330355354045014e-10
67.0,4.192811510791148e-10
68.0,6.412645935715287e-10
69.0,9.777797677302231e-10
70.0,1.4863349625409226e-09
71.0,2.2524969052520734e-09
72.0,3.4031694540424616e-09
73.0,5.12595522310362e-09
74.0,7.697290972807626e-09
75.0,1.1523193697537543e-08
76.0,1.7198068818669144e-08
77.0,2.558929759123415e-08
78.0,3.795848842079457e-08
79.0,5.6134688441908966e-08
80.0,8.276097257382677e-08
81.0,1.216442869426378e-07
82.0,1.782500705830354e-07
83.0,2.6039915236169e-07
84.0,3.792462403547509e-07
85.0,5.506490118722207e-07
86.0,7.970770531979771e-07
87.0,1.1502642204622719e-06
88.0,1.6548810304849488e-06
89.0,2.373601494142459e-06
90.0,3.3940692400206926e-06
91.0,4.838441016725e-06
92.0,6.876414804352698e-06
93.0,9.742951583354903e-06
94.0,1.3762295678709023e-05
95.0,1.938041562012561e-05
96.0,2.7208659813221784e-05
97.0,3.808229187397269e-05
98.0,5.3138692719494266e-05
99.0,7.392145676878042e-05
100.0,0.00010251844969232244
101.0,0.0001417442353353108
102.0,0.00019538024188135082
103.0,0.0002684897698774744
104.0,0.00036782962517337267
105.0,0.0005023860003779937
106.0,0.0006840694806523215
107.0,0.0009286130093784098
108.0,0.0012567276615660322
109.0,0.0016955845368270435
110.0,0.0022807074564827313
111.0,0.0030583809492002413
112.0,0.004088701817672252
113.0,0.0054494310388793175
114.0,0.007240836565206071
115.0,0.009591757518207882
116.0,0.01266716709703941
117.0,0.016677566079053664
118.0,0.021890601890295434
119.0,0.028645380656064885
120.0,0.03737002212119656
121.0,0.0486031004472665
122.0,0.06301971805493603
123.0,0.08146307502981649
124.0,0.10498252294979676
125.0,0.13487922867745294
126.0,0.1727607194970709
127.0,0.2206057340946273
128.0,0.28084096161610106
129.0,0.35643140980304655
130.0,0.4509862983473608
131.0,0.5688825193061672
132.0,0.7154078355662608
133.0,0.8969260924737419
134.0,1.121066786961765
135.0,1.3969413615129682
136.0,1.7353885544132186
137.0,2.149251029078432
138.0,2.6536853088190773
139.0,3.266506743565099
140.0,4.008570815793976
141.0,4.904191538361401
142.0,5.98159699212469
143.0,7.273421182747073
144.0,8.817230352890434
145.0,10.656080660565285
146.0,12.839102723582581
147.0,15.422106936265886
148.0,18.468201696925846
149.0,22.048414759918746
150.0,26.242305870012732
151.0,31.138556684502582
152.0,36.83552178555609
153.0,43.44172238780504
154.0,51.07626222105081
155.0,59.86914309225007
156.0,69.96145589118647
157.0,81.5054213948939
158.0,94.66425424741777
159.0,109.61182304771539
160.0,126.53207967342088
161.0,145.61823190234185
162.0,167.07163515964237
163.0,191.10038189709368
164.0,217.917570764684
165.0,247.7392424052551
166.0,280.7819744036205
167.0,317.26013463521554
168.0,357.38279993265843
169.0,401.3503555299358
170.0,449.35080002089035
171.0,501.5557904074193
172.0,558.116471998798
173.0,619.1591482039471
174.0,684.7808553464766
175.0,755.0449172129888
176.0,829.9765627834042
177.0,909.5586981422214
178.0,993.7279295863369
179.0,1082.3709390955048
180.0,1175.321315308544
181.0,1272.3569426836814
182.0,1373.1980483988168
183.0,1477.5060006153944
184.0,1584.8829429121056
185.0,1694.8723380009328
186.0,1806.9604793689844
187.0,1920.5790124417306
188.0,2035.1084875295485
189.0,2149.882945585983
190.0,2264.195515145466
191.0,2377.3049752690363
192.0,2488.4432155193913
193.0,2596.8235005666993
194.0,2701.6494246740144
195.0,2802.124420708637
196.0,2897.461670135588
197.0,2986.894245289575
198.0,3069.6853036431007
199.0,3145.138146252558
200.0,3212.605949424825
201.0,3271.5009801338542
202.0,3321.3031119237266
203.0,3361.567468912712
204.0,3391.9310408677625
205.0,3412.1181318148138
206.0,3421.944527818008
207.0,3399.993236317679
208.0,3248.5945892241225
209.0,2973.337105835644
210.0,2606.8974980738517
211.0,2189.4494888516388
212.0,1761.4774019972467
213.0,1357.5329892729865
214.0,1002.2011085995165
215.0,708.7458615359104
216.0,480.12836474243886
217.0,311.5698046242345
218.0,193.6798904246848
219.0,115.33068460570867
220.0,65.78643915531481
221.0,35.94670272916256
222.0,18.81537641112773
223.0,9.434044759405936
224.0,4.531209313311903
225.0,2.0847860229736783
226.0,0.9188402677401403
227.0,0.38792674569863184
228.0,0.1568883144615329
229.0,0.060780272337206356
230.0,0.02255619584598203
231.0,0.00801863125204803
232.0,0.002730648492293949
233.0,0.0008907637296442732
234.0,0.00027834948501633254
235.0,8.332004384311571e-05
236.0,2.3891297044716334e-05
237.0,6.562376399750731e-06
238.0,1.7266873842691819e-06
239.0,4.3520859696155136e-07
240.0,1.0507814224296164e-07
241.0,2.4302921089413993e-08
242.0,5.384380442140403e-09
243.0,1.1427314232352313e-09
244.0,2.3231848788881468e-10
245.0,4.524332820994951e-11
246.0,8.440272893796025e-12
247.0,1.5083064997261871e-12
248.0,2.581986023199442e-13
249.0,4.23398526242355e-14
250.0,6.6508318440579215e-15
251.0,1.0007688143516016e-15
252.0,1.4425229458726182e-16
253.0,1.991786879348832e-17
254.0,2.634475564875914e-18
