0.0,33.8724296361458
1.0,35.503547785328045
2.0,37.20311316876604
3.0,38.97345784817426
4.0,40.816966195597196
5.0,42.73607473323154
6.0,44.73327189323045
7.0,46.81109769410607
8.0,48.972143330347905
9.0,51.219050671886464
10.0,53.55451167004787
11.0,55.98126766667283
12.0,58.502108603108155
13.0,61.11987212582262
14.0,63.837442585452145
15.0,66.65774992614243
16.0,69.58376846212882
17.0,72.61851553857632
18.0,75.76505007379505
19.0,79.02647098004968
20.0,82.40591546029485
21.0,85.90655717829515
22.0,89.53160429972095
23.0,93.28429740196151
24.0,97.16790725055337
25.0,101.18573244029218
26.0,105.34109689927692
27.0,109.63734725432838
28.0,114.07785005642896
29.0,118.66598886504318
30.0,123.40516119040883
31.0,128.2987752931244
32.0,133.35024684060932
33.0,138.56299542027148
34.0,143.9404409094909
35.0,149.48599970280648
36.0,155.20308079698682
37.0,161.09508173496732
38.0,167.1653844099446
39.0,173.41735073124454
40.0,179.85431815390393
41.0,186.47959507424542
42.0,193.29645609407066
43.0,200.3081371564479
44.0,207.51783055642755
45.0,214.92867983038485
46.0,222.54377452805832
47.0,230.3661448717256
48.0,238.3987563073349
49.0,246.64450395279326
50.0,255.10620694899202
51.0,263.7866027195347
52.0,272.6883411455168
53.0,281.81397866208744
54.0,291.16597228390606
55.0,300.7466735669846
56.0,310.55832251477966
57.0,320.6030414367715
58.0,330.88282876812497
59.0,341.39955285939214
60.0,352.15494574555674
61.0,363.15059690406713
62.0,374.3879470118281
63.0,385.8682817114433
64.0,397.59272539730216
65.0,409.56223503239875
66.0,421.777594007042
67.0,434.23940605088274
68.0,446.94808920991846
69.0,459.90386990036814
70.0,473.1067770515071
71.0,486.55663634974167
72.0,500.2530645963644
73.0,514.1954641915665
74.0,528.3830177574079
75.0,542.8146829125272
76.0,557.4891872114516
77.0,572.4050232613918
78.0,587.5604440294351
79.0,602.9534583530176
80.0,618.5818266665281
81.0,634.4430569568063
82.0,650.5344009602097
83.0,666.8528506137721
84.0,683.3951347728266
85.0,700.1577162072577
86.0,717.1367888883232
87.0,734.3282755777251
88.0,751.7278257303138
89.0,769.3308137214872
90.0,787.132337409986
91.0,805.1272170464022
92.0,823.3099945372865
93.0,841.6749330743011
94.0,860.2160171373657
95.0,878.9269528802422
96.0,897.8011689064491
97.0,916.8318174428276
98.0,936.0117759174769
99.0,955.3336489481429
100.0,974.7897707464891
101.0,994.3722079429954
102.0,1014.0727628365164
103.0,1033.8829770718057
104.0,1053.7941357475552
105.0,1073.7972719567222
106.0,1093.8831717601247
107.0,1114.0423795934744
108.0,1134.265204107187
109.0,1154.5417244374669
110.0,1174.861796906312
111.0,1195.215062147218
112.0,1215.5909526524817
113.0,1235.9787007371342
114.0,1256.3673469136395
115.0,1276.745748670613
116.0,1297.1025896479184
117.0,1317.426389199628
118.0,1337.7055123354355
119.0,1357.9281800302492
120.0,1378.082479890807
121.0,1398.1563771673223
122.0,1418.1377260973036
123.0,1438.0142815678787
124.0,1457.7737110821354
125.0,1477.4036070142033
126.0,1496.8914991370327
127.0,1516.2248674060822
128.0,1535.3911549814065
129.0,1554.3777814699527
130.0,1573.1721563692088
131.0,1591.7616926927253
132.0,1610.1338207574397
133.0,1628.2760021121783
134.0,1646.1757435861957
135.0,1663.8206114361303
136.0,1681.1982455693283
137.0,1698.2963738210906
138.0,1715.1028262630523
139.0,1731.6055495196047
140.0,1747.792621069018
141.0,1763.6522635057117
142.0,1779.1728587399734
143.0,1794.3429621113112
144.0,1809.1513163915797
145.0,1823.58686565401
146.0,1837.6387689843243
147.0,1851.2964140102233
148.0,1864.5494302256748
149.0,1877.3877020866585
150.0,1889.8013818552577
151.0,1901.78090216932
152.0,1913.3169883152616
153.0,1924.4006701820033
154.0,1935.0232938744975
155.0,1945.1765329658192
156.0,1954.8523993673493
157.0,1964.043253797205
158.0,1972.7418158277153
159.0,1980.9411734934545
160.0,1988.6347924420875
161.0,1995.8165246110698
162.0,2002.4806164140816
163.0,2008.6217164219336
164.0,2014.2348825235943
165.0,2019.315588553926
166.0,2023.8597303756871
167.0,2027.8636314043583
168.0,2031.3240475653865
169.0,2034.2381716744858
170.0,2036.603637232715
171.0,2038.4185216291564
172.0,2039.6813487451195
173.0,2040.3910909549384
174.0,2039.9691626160543
175.0,2022.209961283662
176.0,1980.3473144030597
177.0,1915.88288398617
178.0,1831.0872002581389
179.0,1728.8669474100207
180.0,1612.5997630099491
181.0,1485.9496266939298
182.0,1352.6768522574164
183.0,1216.4562795577865
184.0,1080.7156149793861
185.0,948.5032511320896
186.0,822.3916584050359
187.0,704.4189728704886
188.0,596.0680838650121
189.0,498.27966920026836
190.0,411.4934644854864
191.0,335.71070640784814
192.0,270.57017171018214
193.0,215.43046460728473
194.0,169.45203716003988
195.0,131.67367170812733
196.0,101.0796136123725
197.0,76.65503312848084
198.0,57.428867712267156
199.0,42.50424508358747
200.0,31.07755444419773
201.0,22.447802891128205
202.0,16.018185546571026
203.0,11.291854544889386
204.0,7.863750137669573
205.0,5.410116433469378
206.0,3.6770200105979103
207.0,2.4688678840876483
208.0,1.6376164138806284
209.0,1.0730970239335071
210.0,0.6946695678199519
211.0,0.4442526553680836
212.0,0.2806688831246388
213.0,0.17517453607045824
214.0,0.10800905366601576
215.0,0.06579029312746461
216.0,0.03958912993903137
217.0,0.02353436954109371
218.0,0.0138210696408219
219.0,0.00801850154916053
220.0,0.004595759091935216
221.0,0.0026021586303936867
222.0,0.0014555353470955719
223.0,0.0008043113929964916
224.0,0.00043907444378378003
225.0,0.00023679066360208953
226.0,0.00012615470862553928
227.0,6.639797439276996e-05
228.0,3.4523806326902784e-05
229.0,1.77335215960282e-05
230.0,8.998783019270085e-06
231.0,4.511126935098754e-06
232.0,2.2340803586370285e-06
233.0,1.093012197954199e-06
234.0,5.282794322192081e-07
235.0,2.5224053075095284e-07
236.0,1.1898124696099476e-07
237.0,5.544401038388883e-08
238.0,2.5523676508330826e-08
239.0,1.16076499469558e-08
240.0,5.215042462157786e-09
241.0,2.3146422206699933e-09
242.0,1.0148979327860133e-09
243.0,4.396158483663471e-10
244.0,1.8812078774176472e-10
245.0,7.952665433448007e-11
246.0,3.32124651068654e-11
247.0,1.3702568617825456e-11
248.0,5.5848991524678635e-12
249.0,2.248749918763435e-12
250.0,8.944981802370348e-13
251.0,3.515039724936886e-13
252.0,1.3645626790916245e-13
253.0,5.2332226950140014e-14
254.0,1.982701880958602e-14
