0,2.8270492424215526e-07
1,3.602090558063653e-07
2,4.583588021580303e-07
3,5.824869766068678e-07
4,7.392588949635132e-07
5,9.36993531839372e-07
6,1.1860590786601425e-06
7,1.4993593991844463e-06
8,1.8929313589161641e-06
9,2.3866771791074655e-06
10,3.005260963309146e-06
11,3.779204516028985e-06
12,4.746224695960107e-06
13,5.952863026799267e-06
14,7.456468366993095e-06
15,9.327605394550844e-06
16,1.1652975817127483e-05
17,1.4538955943834327e-05
18,1.8115873983472706e-05
19,2.2543173658224432e-05
20,2.8015638008908022e-05
21,3.477087926582366e-05
22,4.309833810732106e-05
23,5.335007936770295e-05
24,6.595372224128503e-05
25,8.142790234013201e-05
26,0.00010040073181719413
27,0.0001236318035342511
28,0.00015203837747124137
29,0.00018672649395707927
30,0.00022902788076442808
31,0.0002805436617754662
32,0.0003431960361413535
33,0.00041928928121381427
34,0.0005115816428652822
35,0.0006233699162423044
36,0.0007585887918988474
37,0.0009219273502988007
38,0.0011189654358151415
39,0.0013563330338299795
40,0.00164189621588217
41,0.001984973712817682
42,0.002396588729629173
43,0.0028897612334123687
44,0.003479846633100737
45,0.004184927531998893
46,0.005026266077344108
47,0.0060288253609281015
48,0.0072218693468859615
49,0.008639651922612865
50,0.010322206891617383
51,0.012316252057743775
52,0.014676221992780975
53,0.017465445637428564
54,0.02075748656132692
55,0.024637665502581636
56,0.0292047867206447
57,0.03457309172653312
58,0.04087446609708831
59,0.04826092732884857
60,0.05690742403293853
61,0.06701497920291377
62,0.07881421278700154
63,0.09256928134508217
64,0.10858227514524701
65,0.127198115626417
66,0.14880999868886322
67,0.17386543173474203
68,0.20287291472143942
69,0.23640931766111867
70,0.27512800894364947
71,0.319767790513976
72,0.37116269722923173
73,0.4302527185794915
74,0.49809550129629393
75,0.5758790911063381
76,0.6649357709194643
77,0.7667570509703929
78,0.8830098637584074
79,1.0155540129401455
80,1.166460920517446
81,1.3380337106128735
82,1.532828660728737
83,1.7536780425316183
84,2.003714363788357
85,2.2863960110020067
86,2.6055342784674114
87,2.9653217538066996
88,3.370362012491022
89,3.825700554358887
90,4.336856893677306
91,4.909857690856502
92,5.551270788547367
93,6.268239987577424
94,7.06852036910565
95,7.960513938624211
96,8.9533053351725
97,10.056697315564481
98,11.281245688817652
99,12.638293340611972
100,14.14000295184875
101,15.799387979620679
102,17.63034143359189
103,19.647661946416637
104,21.867076603938038
105,24.305259970089722
106,26.97984871329915
107,29.909451216420543
108,33.11365153149924
109,36.6130070246973
110,40.42903904621818
111,44.58421595578477
112,49.10192783687185
113,54.00645224317542
114,59.322910339390106
115,65.07721282588965
116,71.29599507393691
117,78.00654094508162
118,85.23669482585073
119,93.01476147699921
120,101.36939337566061
121,110.32946531877211
122,119.92393615706249
123,130.18169764043506
124,141.1314104773443
125,152.80132784215928
126,165.2191067047591
127,178.41160750475527
128,192.40468284762855
129,207.22295606036542
130,222.88959060835785
131,239.42605154168942
132,256.85186030559885
133,275.18434441488324
134,294.43838365311416
135,314.6261546125482
136,335.75687553715926
137,357.83655356692043
138,380.8677366038827
139,404.8492721273354
140,429.77607537401343
141,455.63890936767274
142,482.42417932822264
143,510.1137440120007
144,538.6847465299226
145,568.1094671575871
146,598.3552005897234
147,629.3841599996888
148,661.1534101424771
149,693.6148315866633
150,726.7151179771087
151,760.3958080166598
152,794.5933536125843
153,829.2392253635692
154,864.2600562676837
155,899.5778242131912
156,935.1100734752114
157,970.7701750852176
158,1006.4676255707383
159,1042.1083831832884
160,1077.5952403476974
161,1112.8282306799842
162,1147.7050685384054
163,1182.1216186979439
164,1215.9723933771209
165,1249.1510735023355
166,1281.5510507736892
167,1313.0659868019231
168,1343.590385323043
169,1373.0201732694052
170,1401.2532862871772
171,1428.190254143398
172,1453.7347813640913
173,1477.7943183902769
174,1500.2806185329252
175,1521.1102760519293
176,1540.2052407784652
177,1557.4933048443677
178,1572.9085572755014
179,1586.3918024469106
180,1597.8909386836096
181,1607.3612936193288
182,1614.7659132929443
183,1620.0758023646767
184,1623.2701132669686
185,1624.3362825633174
186,1623.2701132669688
187,1620.0758023646772
188,1614.7659132929448
189,1607.3612936193292
190,1597.8909386836103
191,1586.3918024469112
192,1572.908557275502
193,1557.4933048443686
194,1540.2052407784663
195,1521.1102760519304
196,1500.2806185329262
197,1477.7943183902782
198,1453.7347813640927
199,1428.1902541433997
200,1401.2532862871785
201,1373.0201732694068
202,1343.5903853230448
203,1313.065986801925
204,1281.551050773691
205,1249.1510735023373
206,1215.9723933771227
207,1182.121618697946
208,1147.7050685384074
209,1112.8282306799865
210,1077.5952403476995
211,1042.1083831832905
212,1006.4676255707403
213,970.7701750852198
214,935.1100734752134
215,899.5778242131933
216,864.2600562676856
217,829.2392253635711
218,794.5933536125863
219,760.3958080166615
220,726.7151179771106
221,693.6148315866651
222,661.1534101424788
223,629.3841599996905
224,598.3552005897251
225,568.1094671575888
226,538.6847465299242
227,510.1137440120022
228,482.42417932822406
229,455.6389093676742
230,429.7760753740148
231,404.8492721273368
232,380.86773660388417
233,357.83655356692174
234,335.75687553716057
235,314.6261546125493
236,294.43838365311524
237,275.1843444148842
238,256.8518603055999
239,239.4260515416904
240,222.8895906083588
241,207.22295606036622
242,192.40468284762932
243,178.41160750475598
244,165.21910670475975
245,152.80132784216005
246,141.131410477345
247,130.1816976404357
248,119.92393615706308
249,110.32946531877265
250,101.3693933756611
251,93.01476147699968
252,85.23669482585115
253,78.00654094508201
254,71.29599507393725
