0,2.902819900410409
1,3.259144447875453
2,3.6557092275561436
3,4.096606022660011
4,4.586287456622787
5,5.129592463864998
6,5.731772862545477
7,6.398520999667613
8,7.1359984277772766
9,7.950865560388315
10,8.850312240175658
11,9.842089139890986
12,10.934539900894576
13,12.136633898185183
14,13.457999503883256
15,14.90895770333458
16,16.500555899414213
17,18.24460172130647
18,20.153696634111643
19,22.241269125196848
20,24.521607222398167
21,27.00989007814123
22,29.72221833244561
23,32.675642946795485
24,35.88819218020209
25,39.37889635866668
26,43.167810069915845
27,47.27603139697448
28,51.72571778713497
29,56.54009813744792
30,61.74348066430088
31,67.36125611326052
32,73.41989585643825
33,79.94694441851944
34,86.9710059695736
35,94.52172432315797
36,102.62975598233714
37,111.32673578437065
38,120.64523470724015
39,130.61870941817057
40,141.28144316608126
41,152.66847764669907
42,164.8155355010571
43,177.75893314543737
44,191.53548367359508
45,206.1823896203875
46,221.73712542973234
47,238.23730952908596
48,255.7205659772701
49,274.2243757223131
50,293.78591758078505
51,314.4418991295962
52,336.2283777850423
53,359.1805724315735
54,383.33266605383915
55,408.71759991946016
56,435.36685995603744
57,463.3102560634404
58,492.5756952006609
59,523.1889491846258
60,555.1734182354664
61,588.5498913979378
62,623.3363050609482
63,659.5475008855637
64,697.194984535316
65,736.2866866801604
66,776.8267278159526
67,818.8151885038039
68,862.24788668712
69,907.1161637875487
70,953.4066813135144
71,1001.1012297356176
72,1050.1765513910998
73,1100.604179174112
74,1152.3502927489994
75,1205.375593989717
76,1259.6352032993789
77,1315.0785783995532
78,1371.649457099034
79,1429.2858254564978
80,1487.9199126407639
81,1547.4782136666604
82,1607.8815410441478
83,1669.045106224057
84,1730.878631556248
85,1793.2864932961809
86,1856.167896004895
87,1919.4170784864248
88,1982.9235511971726
89,2046.5723648452117
90,2110.244409675517
91,2173.8167447115693
92,2237.162955996351
93,2300.1535426485484
94,2362.6563293246245
95,2424.536903456479
96,2485.659075419646
97,2545.8853595804835
98,2605.077473974588
99,2663.096856184718
100,2719.8051928167465
101,2775.0649598184095
102,2828.7399707496006
103,2880.695929996237
104,2930.8009878237954
105,2978.9262940926415
106,3024.9465474064564
107,3068.7405364381675
108,3110.1916701755526
109,3149.1884938515036
110,3185.625187372024
111,3219.4020431283507
112,3250.425920177863
113,3278.610671901113
114,3303.877544388672
115,3326.1555429804644
116,3345.3817645706968
117,3361.5016935018484
118,3374.469459099924
119,3384.248053148333
120,3390.809505857436
121,3394.1350191587244
122,3394.2150564346107
123,3391.04938808437
124,3384.6470926215416
125,3375.0265132954387
126,3362.215170526862
127,3346.2496307430215
128,3327.1753324865977
129,3305.0463709562664
130,3279.925242408533
131,3251.8825501110086
132,3220.9966737832397
133,3187.3534046907357
134,3151.0455487691966
135,3112.1725003473507
136,3070.839789206918
137,3027.158603865686
138,2981.2452940935573
139,2933.220855770913
140,2883.210401273199
141,2831.3426186149654
142,2777.749222610661
143,2722.5644013084566
144,2665.9242609277067
145,2607.966272480954
146,2548.82872318858
147,2488.6501756992784
148,2427.568938013829
149,2365.72254687455
150,2303.2472672298554
151,2240.2776102143725
152,2176.945871901745
153,2113.3816948915987
154,2049.711654586118
155,1986.0588717972573
156,1922.5426531049275
157,1859.2781601615222
158,1796.3761089109682
159,1733.9424994630538
160,1672.0783771380734
161,1610.8796249746556
162,1550.4367877767734
163,1490.8349275660446
164,1432.1535101040201
165,1374.466321957621
166,1317.8414174005068
167,1262.3410942749822
168,1208.021897784063
169,1154.9346510422854
170,1103.1245110873926
171,1052.6310489435812
172,1003.4883522309163
173,955.7251487348829
174,909.364949284877
175,864.4262082405936
176,820.9224998504318
177,778.8627087258088
178,738.2512326691325
179,699.0881961004569
180,661.3696723478462
181,625.0879130983578
182,590.2315833494517
183,556.7860002536173
184,524.7333743110665
185,494.05305143550265
186,464.721754495161
187,436.71382301452627
188,410.0014498102985
189,384.55491342730056
190,360.34280533507757
191,337.3322509429739
192,315.48912358956596
193,294.7782507605638
194,275.16361188689825
195,256.6085271708525
196,239.07583698211354
197,222.52807145685696
198,206.92761002084268
199,192.23683064151845
200,178.4182486938419
201,165.43464539957904
202,153.2491858699305
203,141.82552684623096
204,131.12791429300535
205,121.12127105173289
206,111.77127481223303
207,103.04442670163222
208,94.9081108284746
209,87.33064515179042
210,80.28132407198444
211,73.7304531624305
212,67.64937647787193
213,62.01049688836714
214,56.78728989585334
215,51.95431139470257
216,47.487199838215375
217,43.362673270138224
218,39.55852167431148
219,36.05359508677453
220,32.827787903376446
221,29.862019802480397
222,27.13821368700402
223,24.639271033102162
224,22.349045014547666
225,20.252311752575476
226,18.334740020871433
227,16.582859714749944
228,14.984029372594515
229,13.526403016534257
230,12.198896558282136
231,10.991153995235626
232,9.893513601486017
233,8.896974298428589
234,7.993162370329519
235,7.174298671580952
236,6.433166454545517
237,5.763079929922292
238,5.157853655507642
239,4.611772834115873
240,4.119564587290786
241,3.676370258294645
242,3.277718785709028
243,2.919501177816823
244,2.5979461077424313
245,2.3095966400864976
246,2.051288091474604
247,1.8201270200134914
248,1.6134713320760126
249,1.4289114890760495
250,1.2642527919036854
251,1.11749871642272
252,0.9868352698403521
253,0.8706163347945753
254,0.7673499656203628
