0,2.9028201831153333
1,3.259144808084509
2,3.6557096859149456
3,4.096606605146988
4,4.586288195881682
5,5.129593400858529
6,5.731774048604556
7,6.398522499027012
8,7.136000320708636
9,7.950867947065495
10,8.850315245436624
11,9.84209291909551
12,10.934544647119306
13,12.136639851048324
14,13.458006960351998
15,14.908967030941193
16,16.500567552393914
17,18.244616260274565
18,20.153714750022896
19,22.24129166848261
20,24.521635238366883
21,27.009924849977264
22,29.722261433498304
23,32.67569630442816
24,35.88825815453568
25,39.378977841727504
26,43.16791061540974
27,47.276155401370204
28,51.725870765991544
29,56.54028719203858
30,61.74371534401491
31,67.36155011286495
32,73.42027047024581
33,79.94743564823987
34,86.97167910132563
35,94.52270347008998
36,102.63128296692747
37,111.32928523997379
38,120.64973438761443
39,130.62695267107972
40,141.29684378029432
41,152.6974193604035
42,164.86972773310276
43,177.85942419596503
44,191.71932938118445
45,206.51345547807517
46,222.323131843161
47,239.25601189104486
48,257.45885569866533
49,277.13500050268124
50,298.5672762464442
51,322.14670200101733
52,348.40651663302884
53,378.05988245683346
54,412.0379417824721
55,451.52289163404686
56,497.9685984650602
57,553.0993894102223
58,618.876564520171
59,697.4224987334593
60,790.8945395833852
61,901.305664042479
62,1030.296068800876
63,1178.8690299188938
64,1347.1143578055417
65,1533.9518989167118
66,1736.9337481949347
67,1952.1451085732947
68,2174.2385405807063
69,2396.6241473389327
70,2611.819840939903
71,2811.943480637894
72,2989.3058144866186
73,3137.043883903606
74,3249.722779189472
75,3323.83222301733
76,3358.114487583961
77,3353.6805443611192
78,3313.8989745064246
79,3244.072429056114
80,3150.9441734014654
81,3042.0978523674
82,2925.3238996666887
83,2808.024863195853
84,2696.720357805748
85,2596.693215775027
86,2511.795581738919
87,2444.4112889113335
88,2395.5523323262955
89,2365.0548995875147
90,2351.8350663841366
91,2354.1654015552062
92,2369.9398469880293
93,2396.9033195103716
94,2432.832472645335
95,2475.6632514563653
96,2523.5681370690118
97,2574.990792356491
98,2628.648209351024
99,2683.510822908523
100,2738.7699881695626
101,2793.8003455214975
102,2848.1224540171747
103,2901.3690532180954
104,2953.256644741142
105,3003.562859574021
106,3052.1092853156215
107,3098.748998758285
108,3143.35788907282
109,3185.8288715184663
110,3226.0682026541926
111,3263.9932580184995
112,3299.5312852564903
113,3332.618779627186
114,3363.2012366722925
115,3391.2331180187607
116,3416.677924190632
117,3439.508307754326
118,3459.7061859548735
119,3477.26282834925
120,3492.1789050000702
121,3504.4644868540868
122,3514.1389935521725
123,3521.2310861054993
124,3525.778503246862
125,3527.8278411940064
126,3527.4342772527093
127,3524.6612382555086
128,3519.580015337006
129,3512.269327017612
130,3502.81483301723
131,3491.308601652813
132,3477.8485340888765
133,3462.537749105631
134,3445.483932422315
135,3426.7986549599004
136,3406.596664744078
137,3384.9951574326074
138,3362.1130306974424
139,3338.0701278982538
140,3312.986476647224
141,3286.981527982664
142,3260.17340193894
143,3232.6781453205795
144,3204.609007457892
145,3176.0757396390995
146,3147.183923779479
147,3118.034335701416
148,3088.722348161358
149,3059.3373784715286
150,3029.962385227821
151,3000.6734182727832
152,2971.5392255970733
153,2942.620920417524
154,2913.971711169196
155,2885.636696617043
156,2857.652727735185
157,2830.048337424237
158,2802.843738545886
159,2776.050890156433
160,2749.673631225386
161,2723.7078805409783
162,2698.141900942877
163,2672.956625496792
164,2648.1260427527577
165,2623.617637829065
166,2599.3928857631186
167,2575.407793401153
168,2551.6134861013284
169,2527.956835748577
170,2504.3811270839815
171,2480.8267602045726
172,2457.2319883662526
173,2433.5336919993756
174,2409.6681921921763
175,2385.5721098588965
176,2361.1832803930693
177,2336.441737750327
178,2311.2907864482736
179,2285.6781846162503
180,2259.5574655045416
181,2232.889428093245
182,2205.643828720109
183,2177.8013038414833
184,2149.355547825599
185,2120.315757613925
186,2090.7093367575226
187,2060.5848235423055
188,2030.0149709353125
189,1999.0998599655738
190,1967.969874051713
191,1936.7883022645738
192,1905.7532787671298
193,1875.098709640428
194,1845.0937945437356
195,1816.0407279820056
196,1788.270172753493
197,1762.1341454075823
198,1737.9960475870676
199,1716.2177222241692
200,1697.1436094815972
201,1681.082318138133
202,1668.2862013498818
203,1658.9298122372093
204,1653.0883894317778
205,1650.7177560963512
206,1651.6371767474325
207,1655.516774772622
208,1661.8710455151427
209,1670.0597900780886
210,1679.2974410066959
211,1688.6712650057252
212,1697.1683377228064
213,1703.7105337938083
214,1707.1961157154408
215,1706.5458982594819
216,1700.7514721306425
217,1688.9226460925534
218,1670.3311525202048
219,1644.4477803624463
220,1610.9704526133291
221,1569.8413299160582
222,1521.2517532693735
223,1465.6346747190405
224,1403.6450919233325
225,1336.1298237527003
226,1264.0886677284072
227,1188.629506830814
228,1110.9202423973402
229,1032.1405032920195
230,953.4359245308555
231,875.8774281070462
232,800.4274195395309
233,727.9141921213874
234,659.0151684538585
235,594.2489653493717
236,533.9756955866956
237,478.4044580864289
238,427.6066417329422
239,381.5334865852731
240,340.0363043765311
241,302.8878408155733
242,269.8034396050734
243,240.46091198891986
244,214.5182948850327
245,191.62896643899532
246,171.45385608256663
247,153.67071902298247
248,137.98063135365425
249,124.11199690563382
250,111.82244129967441
251,100.89900738111092
252,91.15706708199144
253,82.43833691170566
254,74.60833707853665
