0.0,5.000000182257725
1.0,5.0000003123284325
2.0,5.000000531840484
3.0,5.000000899902709
4.0,5.00000151305259
5.0,5.00000252788195
6.0,5.000004196660752
7.0,5.000006923014848
8.0,5.000011348305581
9.0,5.000018484648964
10.0,5.0000299182340875
11.0,5.000048117774456
12.0,5.000076898956204
13.0,5.000122118553751
14.0,5.00019270408708
15.0,5.000302170093617
16.0,5.000470835319944
17.0,5.000729043738302
18.0,5.001121817594191
19.0,5.001715551547272
20.0,5.002607627041175
21.0,5.003940248665906
22.0,5.005920501914757
23.0,5.008849842198168
24.0,5.013168404398769
25.0,5.019523524818062
26.0,5.028879242283869
27.0,5.042696996898627
28.0,5.063241791579128
29.0,5.094109900533771
30.0,5.141144549141298
31.0,5.214019831228321
32.0,5.328949461145445
33.0,5.5132366524649505
34.0,5.812741808646015
35.0,6.303809352997354
36.0,7.111737526584829
37.0,8.438417372935568
38.0,10.602156006773388
39.0,14.092687290153671
40.0,19.64361821700929
41.0,28.322658275167456
42.0,41.63655033984726
43.0,61.64244719709657
44.0,91.05069357756746
45.0,133.29627321905906
46.0,192.5489647881772
47.0,273.62763232548076
48.0,381.78464871939326
49.0,522.3347664158838
50.0,700.12053136659
51.0,918.8335674703451
52.0,1180.245204281386
53.0,1483.4356074903123
54.0,1824.1400283953353
55.0,2194.345189783222
56.0,2585.6574763553062
57.0,8422.730353199002
58.0,5351.539022248318
59.0,3773.3937063451176
60.0,6451.398003884464
61.0,9634.950548663743
62.0,5230.188542501576
63.0,4424.682042315619
64.0,5905.085078129119
65.0,9413.572230801226
66.0,4386.135031462651
67.0,4283.571166676023
68.0,4176.2568662253725
69.0,4048.3459995515477
70.0,3905.3513494354465
71.0,3752.813769347028
72.0,3596.027241846272
73.0,3439.7968506605216
74.0,3288.243198571031
75.0,3144.662489907205
76.0,3011.446674011193
77.0,2890.0632990962536
78.0,2781.0904751657845
79.0,2684.298916168428
80.0,2598.770632186145
81.0,2523.042552390979
82.0,2455.263140864761
83.0,2393.350785332996
84.0,2335.1441909018986
85.0,2278.536959085665
86.0,2221.590734218197
87.0,2162.62353324904
88.0,2100.271958797027
89.0,2033.52779662781
90.0,1961.7509369752095
91.0,1884.6616021804575
92.0,1802.3155189291144
93.0,1715.065979463777
94.0,1623.5167486742257
95.0,1528.469557615711
96.0,1430.869543937067
97.0,1331.7515157480598
98.0,1232.1893786811158
99.0,1133.250517147937
100.0,1035.9563907484744
101.0,941.2501170481474
102.0,849.9713765210979
103.0,762.8386024524093
104.0,680.4381116384646
105.0,603.2195912023745
106.0,531.4971807512496
107.0,465.4552736659246
108.0,405.1581013747242
109.0,350.56215376843755
110.0,301.53052035462156
111.0,257.8483026046155
112.0,219.23834015844508
113.0,185.3766040327527
114.0,155.9067309275062
115.0,130.4532969527671
116.0,108.63355027646575
117.0,90.06743509348483
118.0,74.38583992074835
119.0,61.237088786273304
120.0,50.29176289083402
121.0,41.245992396713035
122.0,33.82339372415762
123.0,27.775848466962184
124.0,22.883327682125543
125.0,18.952962112440066
126.0,15.81754725475061
127.0,13.333654452187359
128.0,11.379497564753208
129.0,9.852681197985222
130.0,8.66793256259168
131.0,7.754896071048504
132.0,7.056048677652087
133.0,6.524775343459202
134.0,6.1236281826432215
135.0,5.822779914844011
136.0,5.598672120648944
137.0,5.432851255470064
138.0,5.310980117715336
139.0,5.222009143021996
140.0,5.157490148270723
141.0,5.111014630558496
142.0,5.077759120312527
143.0,5.054121117354811
144.0,5.037430572037
145.0,5.025723524264893
146.0,5.017566238238062
147.0,5.011919865706986
148.0,5.008037264322158
149.0,5.005385046212433
150.0,5.003585212588118
151.0,5.002371836156912
152.0,5.001559188965542
153.0,5.001018490809809
154.0,5.000661088756878
155.0,5.000426389716951
156.0,5.000273273782684
157.0,5.0001740337623
158.0,5.000110131953871
159.0,5.00006925282181
160.0,5.0000432718934045
161.0,5.000026866965509
162.0,5.000016575843268
163.0,5.000010161947341
164.0,5.000006190454605
165.0,5.000003747248039
166.0,5.000002253962226
167.0,5.000001347178429
168.0,5.000000800106691
169.0,5.000000472188035
170.0,5.000000276902163
171.0,5.000000161354847
172.0,5.000000093429059
173.0,5.000000053755911
174.0,5.000000030733695
175.0,5.000000017460136
176.0,5.000000009856546
177.0,5.000000005528994
178.0,5.000000003081853
179.0,5.000000001706954
180.0,5.000000000939455
181.0,5.000000000513777
182.0,5.000000000279201
183.0,5.0000000001507665
184.0,5.000000000080897
185.0,5.000000000043133
186.0,5.000000000022852
187.0,5.00000000001203
188.0,5.000000000006294
189.0,5.000000000003271
190.0,5.000000000001689
191.0,5.000000000000867
192.0,5.000000000000442
193.0,5.000000000000224
194.0,5.000000000000113
195.0,5.000000000000056
196.0,5.0000000000000275
197.0,5.000000000000013
198.0,5.000000000000006
199.0,5.000000000000003
200.0,5.000000000000001
201.0,5.0
202.0,5.0
203.0,5.0
204.0,5.0
205.0,4.999999999999999
206.0,4.999999999999999
207.0,4.999999999999999
208.0,4.999999999999999
209.0,4.999999999999999
210.0,4.999999999999999
211.0,4.999999999999999
212.0,4.999999999999999
213.0,4.999999999999999
214.0,4.999999999999999
215.0,4.999999999999999
216.0,4.999999999999999
217.0,4.999999999999999
218.0,4.999999999999999
219.0,4.999999999999999
220.0,4.999999999999999
221.0,4.999999999999999
222.0,4.999999999999999
223.0,4.999999999999999
224.0,4.999999999999999
225.0,4.999999999999999
226.0,4.999999999999999
227.0,4.999999999999999
228.0,4.999999999999999
229.0,4.999999999999999
230.0,4.999999999999999
231.0,4.999999999999999
232.0,4.999999999999999
233.0,4.999999999999999
234.0,4.999999999999999
235.0,4.999999999999999
236.0,4.999999999999999
237.0,4.999999999999999
238.0,4.999999999999999
239.0,4.999999999999999
240.0,4.999999999999999
241.0,4.999999999999999
242.0,4.999999999999999
243.0,4.999999999999999
244.0,4.999999999999999
245.0,4.999999999999999
246.0,4.999999999999999
247.0,4.999999999999999
248.0,4.999999999999999
249.0,4.999999999999999
250.0,4.999999999999999
251.0,4.999999999999999
252.0,4.999999999999999
253.0,4.999999999999999
254.0,4.999999999999999
