0.0,0.000000
1.0,0.000000
2.0,0.000001
3.0,0.000001
4.0,0.000002
5.0,0.000003
6.0,0.000004
7.0,0.000007
8.0,0.000011
9.0,0.000018
10.0,0.000030
11.0,0.000048
12.0,0.000077
13.0,0.000122
14.0,0.000193
15.0,0.000302
16.0,0.000471
17.0,0.000729
18.0,0.001121
19.0,0.001714
20.0,0.002604
21.0,0.003930
22.0,0.005895
23.0,0.008786
24.0,0.013011
25.0,0.019148
26.0,0.027999
27.0,0.040684
28.0,0.058742
29.0,0.084277
30.0,0.120149
31.0,0.170206
32.0,0.239593
33.0,0.335133
34.0,0.465806
35.0,0.643334
36.0,0.882902
37.0,1.204017
38.0,1.631537
39.0,2.196877
40.0,2.939401
41.0,3.908014
42.0,5.162948
43.0,6.777722
44.0,8.841256
45.0,11.460103
46.0,14.760714
47.0,18.891676
48.0,24.025803
49.0,30.361948
50.0,38.126386
51.0,47.573592
52.0,58.986218
53.0,72.674064
54.0,88.971853
55.0,108.235598
56.0,130.837399
57.0,157.158537
58.0,187.580785
59.0,222.475921
60.0,262.193531
61.0,307.047260
62.0,357.299802
63.0,413.147014
64.0,474.701667
65.0,541.977415
66.0,614.873699
67.0,693.162307
68.0,776.476390
69.0,864.302693
70.0,955.977722
71.0,1050.688484
72.0,1147.478264
73.0,1245.257762
74.0,1342.821672
75.0,1438.870540
76.0,1532.037496
77.0,1620.919187
78.0,1704.110005
79.0,1780.238479
80.0,1848.004550
81.0,1906.216319
82.0,1953.824832
83.0,1989.955484
84.0,2013.934734
85.0,2025.310983
86.0,2023.868720
87.0,2009.635311
88.0,1982.880139
89.0,1944.106118
90.0,1894.033978
91.0,1833.579984
92.0,1763.828061
93.0,1685.997516
94.0,1601.407684
95.0,1511.440935
96.0,1417.505481
97.0,1320.999364
98.0,1223.276871
99.0,1125.618482
100.0,1029.205174
101.0,935.097726
102.0,844.221358
103.0,757.355816
104.0,675.130750
105.0,598.026057
106.0,526.376656
107.0,460.381039
108.0,400.112880
109.0,345.534908
110.0,296.514285
111.0,252.838734
112.0,214.232763
113.0,180.373389
114.0,150.904898
115.0,125.452263
116.0,103.632974
117.0,85.067117
118.0,69.385666
119.0,56.236995
120.0,45.291713
121.0,36.245966
122.0,28.823380
123.0,22.775841
124.0,17.883324
125.0,13.952960
126.0,10.817546
127.0,8.333654
128.0,6.379497
129.0,4.852681
130.0,3.667933
131.0,2.754896
132.0,2.056049
133.0,1.524775
134.0,1.123628
135.0,0.822780
136.0,0.598672
137.0,0.432851
138.0,0.310980
139.0,0.222009
140.0,0.157490
141.0,0.111015
142.0,0.077759
143.0,0.054121
144.0,0.037431
145.0,0.025724
146.0,0.017566
147.0,0.011920
148.0,0.008037
149.0,0.005385
150.0,0.003585
151.0,0.002372
152.0,0.001559
153.0,0.001018
154.0,0.000661
155.0,0.000426
156.0,0.000273
157.0,0.000174
158.0,0.000110
159.0,0.000069
160.0,0.000043
161.0,0.000027
162.0,0.000017
163.0,0.000010
164.0,0.000006
165.0,0.000004
166.0,0.000002
167.0,0.000001
168.0,0.000001
169.0,0.000000
170.0,0.000000
171.0,0.000000
172.0,0.000000
173.0,0.000000
174.0,0.000000
175.0,0.000000
176.0,0.000000
177.0,0.000000
178.0,0.000000
179.0,0.000000
180.0,0.000000
181.0,0.000000
182.0,0.000000
183.0,0.000000
184.0,0.000000
185.0,0.000000
186.0,0.000000
187.0,0.000000
188.0,0.000000
189.0,0.000000
190.0,0.000000
191.0,0.000000
192.0,0.000000
193.0,0.000000
194.0,0.000000
195.0,0.000000
196.0,0.000000
197.0,0.000000
198.0,0.000000
199.0,0.000000
200.0,0.000000
201.0,0.000000
202.0,0.000000
203.0,0.000000
204.0,0.000000
205.0,0.000000
206.0,0.000000
207.0,0.000000
208.0,0.000000
209.0,0.000000
210.0,0.000000
211.0,0.000000
212.0,0.000000
213.0,0.000000
214.0,0.000000
215.0,0.000000
216.0,0.000000
217.0,0.000000
218.0,0.000000
219.0,0.000000
220.0,0.000000
221.0,0.000000
222.0,0.000000
223.0,0.000000
224.0,0.000000
225.0,0.000000
226.0,0.000000
227.0,0.000000
228.0,0.000000
229.0,0.000000
230.0,0.000000
231.0,0.000000
232.0,0.000000
233.0,0.000000
234.0,0.000000
235.0,0.000000
236.0,0.000000
237.0,0.000000
238.0,0.000000
239.0,0.000000
240.0,0.000000
241.0,0.000000
242.0,0.000000
243.0,0.000000
244.0,0.000000
245.0,0.000000
246.0,0.000000
247.0,0.000000
248.0,0.000000
249.0,0.000000
250.0,0.000000
251.0,0.000000
252.0,0.000000
253.0,0.000000
254.0,0.000000
