0,0.000040
1,0.000053
2,0.000072
3,0.000096
4,0.000129
5,0.000172
6,0.000229
7,0.000304
8,0.000403
9,0.000533
10,0.000702
11,0.000923
12,0.001211
13,0.001584
14,0.002067
15,0.002691
16,0.003494
17,0.004526
18,0.005848
19,0.007537
20,0.009690
21,0.012427
22,0.015897
23,0.020285
24,0.025819
25,0.032782
26,0.041518
27,0.052450
28,0.066097
29,0.083085
30,0.104180
31,0.130304
32,0.162572
33,0.202324
34,0.251167
35,0.311024
36,0.384183
37,0.473366
38,0.581796
39,0.713277
40,0.872288
41,1.064084
42,1.294810
43,1.571631
44,1.902872
45,2.298172
46,2.768662
47,3.327143
48,3.988296
49,4.768892
50,5.688031
51,6.767380
52,8.031442
53,9.507815
54,11.227477
55,13.225067
56,15.539172
57,18.212608
58,21.292696
59,24.831527
60,28.886203
61,33.519055
62,38.797821
63,44.795786
64,51.591869
65,59.270640
66,67.922278
67,77.642432
68,88.532001
69,100.696806
70,114.247150
71,129.297258
72,145.964593
73,164.369030
74,184.631894
75,206.874863
76,231.218715
77,257.781952
78,286.679275
79,318.019939
80,351.905995
81,388.430430
82,427.675222
83,469.709342
84,514.586714
85,562.344180
86,612.999476
87,666.549284
88,722.967364
89,782.202831
90,844.178598
91,908.790034
92,975.903864
93,1045.357364
94,1116.957870
95,1190.482637
96,1265.679083
97,1342.265426
98,1419.931744
99,1498.341459
100,1577.133254
101,1655.923406
102,1734.308548
103,1811.868807
104,1888.171315
105,1962.774047
106,2035.229935
107,2105.091223
108,2171.913992
109,2235.262794
110,2294.715344
111,2349.867169
112,2400.336180
113,2445.767067
114,2485.835456
115,2520.251763
116,2548.764680
117,2571.164226
118,2587.284325
119,2597.004856
120,2600.253142
121,2599.266042
122,2596.306991
123,2591.382723
124,2584.504435
125,2575.687741
126,2564.952617
127,2552.323322
128,2537.828309
129,2521.500118
130,2503.375252
131,2483.494043
132,2461.900505
133,2438.642165
134,2413.769894
135,2387.337722
136,2359.402640
137,2330.024396
138,2299.265283
139,2267.189920
140,2233.865025
141,2199.359187
142,2163.742629
143,2127.086971
144,2089.464997
145,2050.950408
146,2011.617591
147,1971.541381
148,1930.796823
149,1889.458948
150,1847.602547
151,1805.301946
152,1762.630801
153,1719.661886
154,1676.466901
155,1633.116277
156,1589.679003
157,1546.222452
158,1502.812223
159,1459.511995
160,1416.383390
161,1373.485845
162,1330.876503
163,1288.610108
164,1246.738917
165,1205.312624
166,1164.378293
167,1123.980308
168,1084.160327
169,1044.957256
170,1006.407229
171,968.543599
172,931.396947
173,894.995086
174,859.363093
175,824.523337
176,790.495519
177,757.296726
178,724.941485
179,693.441825
180,662.807355
181,633.045334
182,604.160756
183,576.156436
184,549.033102
185,522.789491
186,497.422441
187,472.926996
188,449.296509
189,426.522739
190,404.595959
191,383.505060
192,363.237654
193,343.780179
194,325.117997
195,307.235499
196,290.116203
197,273.742848
198,258.097492
199,243.161601
200,228.916138
201,215.341649
202,202.418342
203,190.126170
204,178.444900
205,167.354190
206,156.833648
207,146.862902
208,137.421655
209,128.489740
210,120.047171
211,112.074193
212,104.551318
213,97.459373
214,90.779528
215,84.493332
216,78.582738
217,73.030131
218,67.818349
219,62.930699
220,58.350973
221,54.063462
222,50.052965
223,46.304796
224,42.804788
225,39.539296
226,36.495197
227,33.659891
228,31.021294
229,28.567834
230,26.288446
231,24.172565
232,22.210113
233,20.391491
234,18.707572
235,17.149682
236,15.709593
237,14.379506
238,13.152044
239,12.020228
240,10.977473
241,10.017567
242,9.134659
243,8.323245
244,7.578149
245,6.894517
246,6.267795
247,5.693717
248,5.168294
249,4.687797
250,4.248743
251,3.847888
252,3.482207
253,3.148886
254,2.845310
