0,0.020999994838668906
1,0.027263946148562566
2,0.03529374140269957
3,0.04555605829767887
4,0.05863190939074533
5,0.07524218378250089
6,0.09627825332254762
7,0.1228384903398423
8,0.1562716489761879
9,0.19822817198125928
10,0.2507205973925153
11,0.31619435232884874
12,0.39761033092054393
13,0.49854075614328897
14,0.6232799161326606
15,0.7769714386373261
16,0.9657538159018318
17,1.1969259087978763
18,1.4791341348932165
19,1.8225829709872632
20,2.239270266390655
21,2.743248658321178
22,3.350914094422868
23,4.08132208885904
24,4.956531857429406
25,6.001977884407295
26,7.246867761465399
27,8.724604301430038
28,10.47322896370298
29,12.53588253449512
30,14.961277788174817
31,17.804177525564747
32,21.125869955987504
33,24.99463188345437
34,29.486168601418818
35,34.68401782971201
36,40.67990348342727
37,47.57402359533554
38,55.4752553761285
39,64.50125925141614
40,74.77846282668604
41,86.44190517036432
42,99.63492164115489
43,114.50864978871009
44,131.2213376928977
45,149.93743753695878
46,170.82646928511448
47,194.06164209493397
48,219.81822456289302
49,248.2716590834746
50,279.59542048207624
51,313.95862462031755
52,351.52339880391645
53,392.4420324560249
54,436.85393353347126
55,484.88242341364526
56,536.6314102946213
57,592.1819883369177
58,651.5890166199339
59,714.8777382638602
60,782.0405055456017
61,853.0336812812335
62,927.7747899313285
63,1006.1399935981841
64,1087.9619681387096
65,1173.028252859218
66,1261.0801435750313
67,1351.812193143175
68,1444.8723758993551
69,1539.8629627990606
70,1636.3421425874549
71,1733.8264111777173
72,1831.7937368390565
73,1929.6874930791855
74,2026.9211346003196
75,2122.8835748068173
76,2216.945206475566
77,2308.464490819535
78,2396.795024742628
79,2481.292982057311
80,2561.324812252751
81,2636.2750704625705
82,2705.5542449404684
83,2768.6064438984886
84,2824.9168022116105
85,2874.0184703745235
86,2915.4990532518195
87,2949.0063745367393
88,2974.253454275944
89,2991.0226010860033
90,2999.168537452276
91,2998.6204953561655
92,2989.3832399505195
93,2971.5370005723935
94,2945.2363104901015
95,2910.7077788528077
96,2868.246839772549
97,2818.213543766414
98,2761.027475403445
99,2697.161897472273
100,2627.1372359142906
101,2551.5140308345785
102,2470.885486877712
103,2385.8697609998403
104,2297.1021271392938
105,2205.2271555372267
106,2110.891039629256
107,2014.7341957437022
108,1917.3842506001563
109,1819.449519163254
110,1721.5130611782783
111,1624.1273891380804
112,1527.8098839635097
113,1433.0389577837357
114,1340.2509863286364
115,1249.8380170182863
116,1162.146243243257
117,1077.4752209164392
118,996.0777904306175
119,918.1606559047651
120,843.8855642119961
121,773.3710188557964
122,706.6944583390635
123,643.894825234325
124,584.9754506413528
125,529.9071789911521
126,478.63166006410404
127,431.0647384445543
128,387.0998752209922
129,346.61154233236323
130,309.4585363229508
131,275.4871651680473
132,244.53426904603867
133,216.43004324946685
134,191.000638657173
135,168.07052216358747
136,147.46458603686284
137,129.01000123891268
138,112.53781519888823
139,97.88429932530563
140,84.89205563447854
141,73.4108952511237
142,63.298504208898805
143,54.42091397020848
144,46.65279543681718
145,39.87759598837944
146,33.98753932633683
147,28.883507682784554
148,24.474825347845876
149,20.678961545179774
150,17.42116951218068
151,14.634077284410703
152,12.257244203181955
153,10.236695615422159
154,8.52444666386499
155,7.078024514109529
156,5.859996867040829
157,4.837513187446567
158,3.9818637627964635
159,3.2680605043998114
160,2.6744423253917073
161,2.1823069803017154
162,1.7755704293360324
163,1.4404540935983032
164,1.165199789259334
165,0.9398116611224027
166,0.7558240696621795
167,0.6060941101032935
168,0.4846172466890864
169,0.3863644191794362
170,0.30713891129754356
171,0.2434512523355005
172,0.19241044415201736
173,0.1516298579092307
174,0.11914622056015714
175,0.0933502037097702
176,0.0729272313562649
177,0.05680723339732859
178,0.04412218472503277
179,0.03417038207350753
180,0.02638652006483818
181,0.020316732275178523
182,0.015597861301892698
183,0.01194031289188338
184,0.009113932703824962
185,0.006936420038858936
186,0.005263860940743981
187,0.003983023675325462
188,0.003005113121728582
189,0.0022607275068224244
190,0.0016958017102453812
191,0.0012683566085795932
192,0.0009459041698011983
193,0.0007033837982976905
194,0.0005215272890650913
195,0.00038556816809315065
196,0.0002842266280926196
197,0.00020891412796024953
198,0.00015311238262980908
199,0.00011189025813330637
200,8.152929624700127e-05
201,5.923447833375195e-05
202,4.2911618911078755e-05
203,3.099664484841444e-05
204,2.2325126686243876e-05
205,1.6032920292105368e-05
206,1.1480764053947276e-05
207,8.197254269090873e-06
208,5.835868243521008e-06
209,4.142685904623657e-06
210,2.9322297234767686e-06
211,2.069442832375268e-06
212,1.4562915591056128e-06
213,1.0218395022711914e-06
214,7.149184411102929e-07
215,4.987349098711708e-07
216,3.4691453325785536e-07
217,2.406105558347753e-07
218,1.6639731545831463e-07
219,1.147406778337282e-07
220,7.889109129357491e-08
221,5.4085141827344374e-08
222,3.697153131338528e-08
223,2.5199757501996676e-08
224,1.7126347075836433e-08
225,1.1605733058146576e-08
226,7.841874183395734e-09
227,5.283316398378183e-09
228,3.549219232052673e-09
229,2.3773793674472344e-09
230,1.58782855955459e-09
231,1.0574216200155467e-09
232,7.021537490883404e-10
233,4.6489589256693243e-10
234,3.069153826865549e-10
235,2.0203241698263292e-10
236,1.3260592207849138e-10
237,8.678491386774147e-11
238,5.663240570218547e-11
239,3.684896049830235e-11
240,2.3906991560378375e-11
241,1.546550380575845e-11
242,9.975683755429349e-12
243,6.415946447258316e-12
244,4.114511158669992e-12
245,2.630965876740501e-12
246,1.677457953111617e-12
247,1.0664181485633092e-12
248,6.75994042445653e-13
249,4.2726534228091455e-13
250,2.692724494486759e-13
251,1.692098467986066e-13
252,1.060226854587287e-13
253,6.623864276018004e-14
254,4.126325717329964e-14
