0,2.02103959664135
1,2.027317336211401
2,2.035365540696437
3,2.045652373352537
4,2.05876078847578
5,2.0754142061719376
6,2.0965072882788434
7,2.1231426718631923
8,2.1566746240222088
9,2.198760694209286
10,2.2514225561410206
11,2.317117348087658
12,2.3988209348622984
13,2.500124623199173
14,2.6253469597050754
15,2.7796623215511245
16,2.9692480679988056
17,3.201452048260988
18,3.484982249737699
19,3.83012031118228
20,4.248960508009954
21,4.755675631425205
22,5.366810918735367
23,6.101606838621693
24,6.982351082197753
25,8.034759549253605
26,9.288385441460978
27,10.777054774828134
28,12.539325699345616
29,14.618967964905687
30,17.065457703600174
31,19.934481418514338
32,23.288441692611453
33,27.196955678637327
34,31.737335928932385
35,36.99504160604985
36,43.06408662132447
37,50.04738982580506
38,58.057051079227286
39,67.21453590635946
40,77.65075057886433
41,89.5059889004597
42,102.92973179042228
43,118.08028102114396
44,135.1242092318084
45,154.23560966842035
46,175.59513103735088
47,199.3887854401055
48,225.80652060081653
49,255.0405515065676
50,287.2834511349102
51,322.7260051006611
52,361.5548407484787
53,403.94984735631067
54,450.0814105793445
55,500.1074909112758
56,554.1705826031553
57,612.3945959731218
58,674.8817121602676
59,741.7092649088963
60,812.9267086970176
61,888.5527362285937
62,968.5726107863618
63,1052.9357800024725
64,1141.5538370855922
65,1234.298893317832
66,1331.0024216173526
67,1431.454625116151
68,1535.4043770451476
69,1642.5597688267137
70,1752.589292285175
71,1865.1236694964991
72,1979.7583302657727
73,2096.0565228558244
74,2213.5530287503043
75,2331.7584373157933
76,2450.1639216531235
77,2568.2464431354338
78,2685.47429955673
79,2801.31292088225
80,2915.2308076925283
81,3026.70550089328
82,3135.229467410035
83,3240.315785614657
84,3341.503516272707
85,3438.362649897636
86,3530.498529496086
87,3617.555658637255
88,3699.220818332119
89,3775.225432029767
90,3845.3471357116555
91,3909.410529105632
92,3967.2871039117535
93,4018.89436505698
94,4064.194180784315
95,4103.1904162452765
96,4135.925922637253
97,4162.478969286334
98,4182.959218959769
99,4197.503356715305
100,4206.270489463176
101,4209.437436937005
102,4207.194034856585
103,4199.7385677426555
104,4187.273442244811
105,4170.001202205377
106,4148.120974336484
107,4121.825418748738
108,4091.2982421198258
109,4056.7123135618695
110,4018.2284048007764
111,3975.994557694047
112,3930.1460639526467
113,3880.806024737747
114,3828.0864420701864
115,3772.0897801552414
116,3712.910923150803
117,3650.6394468735552
118,3585.362115635868
119,3517.165511933585
120,3446.1387060665393
121,3374.6370611089515
122,3305.0014495362607
123,3237.277548637104
124,3171.479885655026
125,3107.5949201760623
126,3045.584277079225
127,2985.3880605849236
128,2926.9281846088597
129,2870.111660303365
130,2814.833788109727
131,2760.981208620765
132,2708.4347738380047
133,2657.0722077915857
134,2606.770532782346
135,2557.4082445356453
136,2508.8672261824145
137,2461.034397088399
138,2413.8030980487415
139,2367.074219189805
140,2320.757081036979
141,2274.7700826029136
142,2229.0411330332413
143,2183.507885342242
144,2138.117792120222
145,2092.8280038503726
146,2047.605130697207
147,2002.4248883885411
148,1957.2716481786463
149,1912.1379099223157
150,1867.0237160771962
151,1821.9360230503887
152,1776.8880447758002
153,1731.8985818058657
154,1686.9913475733904
155,1642.1943018677382
156,1597.5390000087393
157,1553.0599647189686
158,1508.7940863113236
159,1464.7800555389517
160,1421.0578323078723
161,1377.6681524337193
162,1334.652073733337
163,1292.050561976609
164,1249.9041165783399
165,1208.2524353765316
166,1167.1341174130787
167,1126.5864022956268
168,1086.6449444648201
169,1047.3436205088112
170,1008.7143675465816
171,970.7870506335013
172,933.5893571176584
173,897.1467158854805
174,861.4822394726941
175,826.6166870752219
176,792.5684465685773
177,759.3535337289807
178,726.9856069408268
179,695.4759957701265
180,664.8337418795863
181,635.0656508561715
182,606.1763536148771
183,578.1683761320361
184,551.0422163471516
185,524.7964271536235
186,499.42770447567887
187,474.9309795013639
188,451.29951420974527
189,428.5249993947392
190,406.59765444851354
191,385.50632822449404
192,365.2386003539582
193,345.7808824413068
194,327.11851861164854
195,309.23588493054
196,292.1164872598291
197,275.74305715570307
198,260.0976454554086
199,245.16171323778684
200,230.91621987984877
201,217.34170796714318
202,204.41838484969867
203,192.12620066785433
204,180.44492270334317
205,169.35420594055023
206,158.83365975091897
207,148.8629106400108
208,139.42166102171316
209,130.4897440075249
210,122.04717422070944
211,114.07419466538589
212,106.55131969932063
213,99.45937417629246
214,92.7795288394353
215,86.49333206093605
216,80.5827380359025
217,75.03013154914504
218,69.8183494430814
219,64.93069892300844
220,60.350972842654286
221,56.06346211826906
222,52.05296542360455
223,48.30479632103242
224,44.80478798582753
225,41.53929568136816
226,38.495197142752055
227,35.65989102517313
228,33.02129357142166
229,30.567833650139228
230,28.288446313052322
231,26.172565015402053
232,24.210112639254
233,22.3914914543817
234,20.707572146042587
235,19.14968203326798
236,17.709592595335188
237,16.379506417939197
238,15.152043664289396
239,14.020228169977552
240,12.977473254044382
241,12.017567332260297
242,11.134659412271112
243,10.323244543980412
244,9.57814929237978
245,8.894517294026079
246,8.267794952528122
247,7.693717322765471
248,7.168294228138958
249,6.687796649962044
250,6.248743423156849
251,5.847888267728258
252,5.482207181061422
253,5.148886211926567
254,4.845309633182327
