0,0.000000
1,0.000000
2,0.000000
3,0.000000
4,0.000000
5,0.000000
6,0.000000
7,0.000000
8,0.000000
9,0.000000
10,0.000000
11,0.000000
12,0.000000
13,0.000000
14,0.000000
15,0.000000
16,0.000000
17,0.000000
18,0.000000
19,0.000000
20,0.000000
21,0.000000
22,0.000000
23,0.000000
24,0.000000
25,0.000000
26,0.000000
27,0.000000
28,0.000000
29,0.000000
30,0.000000
31,0.000000
32,0.000000
33,0.000000
34,0.000000
35,0.000000
36,0.000000
37,0.000000
38,0.000000
39,0.000000
40,0.000000
41,0.000000
42,0.000000
43,0.000000
44,0.000000
45,0.000000
46,0.000000
47,0.000001
48,0.000001
49,0.000001
50,0.000002
51,0.000003
52,0.000005
53,0.000007
54,0.000010
55,0.000016
56,0.000024
57,0.000035
58,0.000053
59,0.000078
60,0.000115
61,0.000168
62,0.000245
63,0.000355
64,0.000512
65,0.000734
66,0.001049
67,0.001490
68,0.002107
69,0.002965
70,0.004150
71,0.005782
72,0.008014
73,0.011053
74,0.015169
75,0.020714
76,0.028145
77,0.038052
78,0.051190
79,0.068522
80,0.091265
81,0.120954
82,0.159504
83,0.209293
84,0.273260
85,0.355002
86,0.458903
87,0.590264
88,0.755452
89,0.962061
90,1.219084
91,1.537091
92,1.928416
93,2.407337
94,2.990256
95,3.695854
96,4.545237
97,5.562030
98,6.772443
99,8.205262
100,9.891785
101,11.865665
102,14.162652
103,16.820243
104,19.877193
105,23.372922
106,27.346773
107,31.837160
108,36.880575
109,42.510498
110,48.756198
111,55.641473
112,63.183335
113,71.390696
114,80.263080
115,89.789420
116,99.946975
117,110.700424
118,122.001185
119,133.787013
120,145.981898
121,158.496323
122,171.227896
123,184.062361
124,196.875011
125,209.532476
126,221.894855
127,233.818172
128,245.157075
129,255.767724
130,265.510798
131,274.254509
132,281.877562
133,288.271943
134,293.345470
135,297.023995
136,299.253215
137,300.000000
138,299.253215
139,297.023995
140,293.345470
141,288.271943
142,281.877562
143,274.254509
144,265.510798
145,255.767724
146,245.157075
147,233.818172
148,221.894855
149,209.532476
150,196.875011
151,184.062361
152,171.227896
153,158.496323
154,145.981898
155,133.787013
156,122.001185
157,110.700424
158,99.946975
159,89.789420
160,80.263080
161,71.390696
162,63.183335
163,55.641473
164,48.756198
165,42.510498
166,36.880575
167,31.837160
168,27.346773
169,23.372922
170,19.877193
171,16.820243
172,14.162652
173,11.865665
174,9.891785
175,8.205262
176,6.772443
177,5.562030
178,4.545237
179,3.695854
180,2.990256
181,2.407337
182,1.928416
183,1.537091
184,1.219084
185,0.962061
186,0.755452
187,0.590264
188,0.458903
189,0.355002
190,0.273260
191,0.209293
192,0.159504
193,0.120954
194,0.091265
195,0.068522
196,0.051190
197,0.038052
198,0.028145
199,0.020714
200,0.015169
201,0.011053
202,0.008014
203,0.005782
204,0.004150
205,0.002965
206,0.002107
207,0.001490
208,0.001049
209,0.000734
210,0.000512
211,0.000355
212,0.000245
213,0.000168
214,0.000115
215,0.000078
216,0.000053
217,0.000035
218,0.000024
219,0.000016
220,0.000010
221,0.000007
222,0.000005
223,0.000003
224,0.000002
225,0.000001
226,0.000001
227,0.000001
228,0.000000
229,0.000000
230,0.000000
231,0.000000
232,0.000000
233,0.000000
234,0.000000
235,0.000000
236,0.000000
237,0.000000
238,0.000000
239,0.000000
240,0.000000
241,0.000000
242,0.000000
243,0.000000
244,0.000000
245,0.000000
246,0.000000
247,0.000000
248,0.000000
249,0.000000
250,0.000000
251,0.000000
252,0.000000
253,0.000000
254,0.000000
