0,0.000000
1,0.000000
2,0.000000
3,0.000000
4,0.000000
5,0.000000
6,0.000000
7,0.000000
8,0.000000
9,0.000001
10,0.000001
11,0.000002
12,0.000003
13,0.000005
14,0.000007
15,0.000012
16,0.000019
17,0.000031
18,0.000050
19,0.000078
20,0.000123
21,0.000193
22,0.000299
23,0.000462
24,0.000708
25,0.001079
26,0.001633
27,0.002456
28,0.003670
29,0.005449
30,0.008039
31,0.011783
32,0.017163
33,0.024838
34,0.035716
35,0.051031
36,0.072447
37,0.102193
38,0.143233
39,0.199472
40,0.276019
41,0.379503
42,0.518452
43,0.703754
44,0.949185
45,1.272034
46,1.693811
47,2.241039
48,2.946129
49,3.848330
50,4.994718
51,6.441215
52,8.253586
53,10.508378
54,13.293728
55,16.709984
56,20.870045
57,25.899349
58,31.935404
59,39.126779
60,47.631461
61,57.614503
62,69.244909
63,82.691713
64,98.119256
65,115.681687
66,135.516787
67,157.739222
68,182.433423
69,209.646314
70,239.380169
71,271.585902
72,306.157137
73,342.925411
74,381.656850
75,422.050645
76,463.739607
77,506.293002
78,549.221808
79,591.986408
80,634.006648
81,674.674043
82,713.365835
83,749.460457
84,782.353905
85,811.476411
86,836.308784
87,856.397776
88,871.369827
89,880.942612
90,884.933898
91,884.743692
92,883.472260
93,881.222974
94,878.003313
95,873.823961
96,868.698745
97,862.644563
98,855.681290
99,847.831665
100,839.121173
101,829.577907
102,819.232411
103,808.117525
104,796.268205
105,783.721344
106,770.515581
107,756.691101
108,742.289434
109,727.353245
110,711.926131
111,696.052404
112,679.776883
113,663.144690
114,646.201039
115,628.991038
116,611.559496
117,593.950731
118,576.208392
119,558.375285
120,540.493214
121,522.602828
122,504.743477
123,486.953090
124,469.268050
125,451.723098
126,434.351235
127,417.183644
128,400.249628
129,383.576552
130,367.189806
131,351.112774
132,335.366822
133,319.971290
134,304.943499
135,290.298771
136,276.050453
137,262.209959
138,248.786810
139,235.788691
140,223.221510
141,211.089467
142,199.395124
143,188.139487
144,177.322085
145,166.941054
146,156.993230
147,147.474234
148,138.378566
149,129.699694
150,121.430149
151,113.561613
152,106.085012
153,98.990600
154,92.268049
155,85.906528
156,79.894787
157,74.221235
158,68.874008
159,63.841045
160,59.110151
161,54.669059
162,50.505489
163,46.607201
164,42.962041
165,39.557992
166,36.383211
167,33.426065
168,30.675168
169,28.119402
170,25.747951
171,23.550314
172,21.516330
173,19.636186
174,17.900433
175,16.299991
176,14.826159
177,13.470614
178,12.225414
179,11.082997
180,10.036177
181,9.078140
182,8.202436
183,7.402975
184,6.674015
185,6.010153
186,5.406315
187,4.857744
188,4.359988
189,3.908890
190,3.500572
191,3.131426
192,2.798096
193,2.497472
194,2.226670
195,1.983028
196,1.764083
197,1.567570
198,1.391400
199,1.233658
200,1.092584
201,0.966568
202,0.854137
203,0.753945
204,0.664767
205,0.585487
206,0.515089
207,0.452652
208,0.397341
209,0.348402
210,0.305152
211,0.266973
212,0.233312
213,0.203669
214,0.177594
215,0.154686
216,0.134583
217,0.116962
218,0.101536
219,0.088047
220,0.076264
221,0.065985
222,0.057029
223,0.049233
224,0.042455
225,0.036570
226,0.031466
227,0.027044
228,0.023218
229,0.019911
230,0.017056
231,0.014594
232,0.012474
233,0.010649
234,0.009082
235,0.007737
236,0.006583
237,0.005596
238,0.004751
239,0.004029
240,0.003413
241,0.002888
242,0.002441
243,0.002061
244,0.001739
245,0.001465
246,0.001232
247,0.001036
248,0.000870
249,0.000730
250,0.000611
251,0.000512
252,0.000428
253,0.000357
254,0.000298
