0,2.000000
1,2.000000
2,2.000000
3,2.000000
4,2.000000
5,2.000000
6,2.000000
7,2.000000
8,2.000000
9,2.000001
10,2.000001
11,2.000002
12,2.000003
13,2.000005
14,2.000007
15,2.000012
16,2.000019
17,2.000031
18,2.000050
19,2.000078
20,2.000123
21,2.000193
22,2.000299
23,2.000462
24,2.000708
25,2.001079
26,2.001633
27,2.002456
28,2.003670
29,2.005449
30,2.008039
31,2.011784
32,2.017163
33,2.024838
34,2.035717
35,2.051031
36,2.072447
37,2.102194
38,2.143234
39,2.199474
40,2.276022
41,2.379507
42,2.518458
43,2.703762
44,2.949197
45,3.272052
46,3.693836
47,4.241073
48,4.946178
49,5.848398
50,6.994813
51,8.441347
52,10.253769
53,12.508631
54,15.294076
55,18.710461
56,22.870697
57,27.900237
58,33.936609
59,41.128409
60,49.633657
61,59.617451
62,71.248854
63,84.696973
64,100.126244
65,117.690940
66,137.528994
67,159.755269
68,184.454444
69,211.673754
70,241.415862
71,273.632167
72,308.216894
73,345.002322
74,383.755491
75,424.176710
76,465.900151
77,508.496736
78,551.479440
79,594.311049
80,636.414285
81,677.184092
82,716.001774
83,752.250567
84,785.332103
85,814.683205
86,839.792348
87,860.215161
88,875.588300
89,885.641152
90,890.204823
91,890.694442
92,890.227315
93,888.925912
94,886.818989
95,883.940788
96,880.331063
97,876.035054
98,871.103411
99,865.592058
100,859.561985
101,853.078981
102,846.213272
103,839.039089
104,831.634137
105,824.078984
106,816.456347
107,808.850288
108,801.345322
109,794.025438
110,786.973036
111,780.267804
112,773.985532
113,768.196888
114,762.966178
115,758.350097
116,754.396513
117,751.143298
118,748.617239
119,746.833055
120,745.792549
121,745.483925
122,745.881299
123,746.944419
124,748.618629
125,750.835079
126,753.511211
127,756.551509
128,759.848527
129,763.284180
130,766.731297
131,770.055397
132,773.116674
133,775.772162
134,777.878021
135,779.291921
136,779.875463
137,779.496590
138,778.031933
139,775.369048
140,771.408479
141,766.065618
142,759.272298
143,750.978101
144,741.151334
145,729.779668
146,716.870405
147,702.450386
148,686.565535
149,669.280050
150,650.675271
151,630.848244
152,609.910022
153,587.983751
154,565.202571
155,541.707400
156,517.644639
157,493.163857
158,468.415500
159,443.548673
160,418.709050
161,394.036924
162,369.665466
163,345.719181
164,322.312619
165,299.549321
166,277.521033
167,256.307163
168,235.974502
169,216.577172
170,198.156798
171,180.742881
172,164.353347
173,148.995245
174,134.665572
175,121.352189
176,109.034807
177,97.686014
178,87.272319
179,77.755190
180,69.092066
181,61.237327
182,54.143202
183,47.760616
184,42.039948
185,36.931717
186,32.387176
187,28.358818
188,24.800800
189,21.669283
190,18.922694
191,16.521916
192,14.430413
193,12.614299
194,11.042346
195,9.685966
196,8.519138
197,7.518319
198,6.662326
199,5.932198
200,5.311057
201,4.783952
202,4.337701
203,3.960739
204,3.642966
205,3.375597
206,3.151028
207,2.962700
208,2.804978
209,2.673043
210,2.562784
211,2.470707
212,2.393856
213,2.329733
214,2.276235
215,2.231597
216,2.194340
217,2.163228
218,2.137230
219,2.115487
220,2.097286
221,2.082032
222,2.069235
223,2.058485
224,2.049444
225,2.041831
226,2.035411
227,2.029993
228,2.025414
229,2.021540
230,2.018261
231,2.015482
232,2.013126
233,2.011127
234,2.009430
235,2.007989
236,2.006766
237,2.005728
238,2.004846
239,2.004097
240,2.003462
241,2.002923
242,2.002466
243,2.002079
244,2.001751
245,2.001473
246,2.001238
247,2.001040
248,2.000873
249,2.000732
250,2.000613
251,2.000512
252,2.000428
253,2.000357
254,2.000298
