0,4.2747620368723616e-44
1,8.213576062439265e-43
2,1.516285016703685e-41
3,2.6894137712430486e-40
4,4.583134747213969e-39
5,7.504052232438724e-38
6,1.1804763517789937e-36
7,1.7842140508722707e-35
8,2.5909846476463124e-34
9,3.615022002247772e-33
10,4.84602076632146e-32
11,6.241483367632384e-31
12,7.723578855774659e-30
13,9.182851750897505e-29
14,1.0489741402619329e-27
15,1.151278015307784e-26
16,1.2140144661196358e-25
17,1.229973438348353e-24
18,1.1972802665502784e-23
19,1.119757904949838e-22
20,1.0061915602706131e-21
21,8.68691204194691e-21
22,7.205736865588295e-20
23,5.742745817161868e-19
24,4.397329509363765e-18
25,3.235092084590008e-17
26,2.2867174432188635e-16
27,1.5529825751476935e-15
28,1.0133252904343058e-14
29,6.352715430244624e-14
30,3.8264684954377686e-13
31,2.2144460449450773e-12
32,1.2312898091800737e-11
33,6.5778457885241e-11
34,3.3762555489204094e-10
35,1.6650035162741112e-09
36,7.889022955879054e-09
37,3.591364664423595e-08
38,1.5708112808676954e-07
39,6.601106483288328e-07
40,2.665248368288667e-06
41,1.0339198052556047e-05
42,3.853578796110295e-05
43,0.00013799706621441657
44,0.00047479231852992913
45,0.0015695159566479324
46,0.004984894913337567
47,0.015211586105559276
48,0.04459859873078354
49,0.1256308064950772
50,0.34001595985648814
51,0.884159623515228
52,2.208972323978049
53,5.302468433294414
54,12.229089672149907
55,27.09807173292905
56,57.691371998753745
57,118.00803187781868
58,231.92122058851956
59,437.9228731766152
60,794.4800415508532
61,1384.8303547248101
62,2319.200938371335
63,3731.7144342234988
64,5769.0811431891525
65,8569.058608152698
66,12228.911433909023
67,16767.59234810361
68,22089.293965653178
69,27958.97099305267
70,34000.77003765994
71,39726.887727781046
72,44597.298696510006
73,48101.739875738334
74,49847.253877218216
75,49630.64401465689
76,47477.3865236008
77,43636.70190904505
78,38534.10301533835
79,32693.906026121054
80,26651.18884378935
81,20873.466726281524
82,15707.273360752022
83,11356.257744530383
84,7888.563037808083
85,5264.883680907439
86,3376.042316313447
87,2079.9610545617948
88,1231.2060635375426
89,700.2199962847559
90,382.6189650833999
91,200.87537349517598
92,101.32465240966367
93,49.10568443567249
94,22.865285866220734
95,10.229389676756723
96,4.39694497850858
97,1.815852465411733
98,0.7205071744644759
99,0.27467825521562544
100,0.10060937964344696
101,0.035406327566852254
102,0.011971581198799179
103,0.0038891112703239986
104,0.0012138847147349524
105,0.0003640262799228081
106,0.00010488569323250071
107,2.9035411751723977e-05
108,7.722678336162977e-06
109,1.973495423745934e-06
110,4.845432210617101e-07
111,1.1430287156872563e-07
112,2.5906573827479375e-08
113,5.641453871321626e-09
114,1.1803215124646943e-09
115,2.37267265241588e-10
116,4.58251132856988e-11
117,8.503495587290177e-12
118,1.516071399160801e-12
119,2.59698857882873e-13
120,4.274139033758087e-14
121,6.758580198238797e-15
122,1.0268110143329063e-15
123,1.4988348632857116e-16
124,2.1020608068347885e-17
125,2.832467816912227e-18
126,3.667016920835034e-19
127,4.5613044904736943e-20
128,5.451216565232717e-21
129,6.259303759494479e-22
130,6.90536820646231e-23
131,7.319406619000377e-24
132,7.454064196418095e-25
133,7.293543939648627e-26
134,6.856655021854642e-27
135,6.193187318633952e-28
136,5.374577788686848e-29
137,4.481286505648408e-30
138,3.589957353914925e-31
139,2.763147628302397e-32
140,2.043370451490943e-33
141,1.451838636389109e-34
142,9.911007646225084e-36
143,6.500481002630872e-37
144,4.096390934696292e-38
145,2.4801932434304483e-39
146,1.4427725286100836e-40
147,8.06377552438861e-42
148,4.3301926192474126e-43
149,2.2341082999035042e-44
150,1.1074635707303826e-45
151,5.274519440050522e-47
152,2.413595936931405e-48
153,1.061144324360221e-49
154,4.482420190977261e-51
155,1.8191935043788226e-52
156,7.09371029911231e-54
157,2.6576404219878618e-55
158,9.566370872513658e-57
159,3.308464108115887e-58
160,1.0993446369693742e-59
161,3.509696134386236e-61
162,1.0765479873095212e-62
163,3.172674295684104e-64
164,8.983504868107879e-66
165,2.4439614184180772e-67
166,6.388091152534934e-69
167,1.6042649093214884e-70
168,3.870876224040104e-72
169,8.973682622065878e-74
170,1.9987586087013821e-75
171,4.277383696632483e-77
172,8.794766085211067e-79
173,1.7373951184514837e-80
174,3.297623896636686e-82
175,6.013563025924139e-84
176,1.0536365633581658e-85
177,1.7736912353329993e-87
178,2.8687547867436e-89
179,4.4579691199545293e-91
180,6.6559324365315665e-93
181,9.547924464913691e-95
182,1.315943566007755e-96
183,1.7425842170735615e-98
184,2.2170654194819584e-100
185,2.7101383437942294e-102
186,3.182970650675051e-104
187,3.591716321573236e-106
188,3.89403313791605e-108
189,4.0562571393584723e-110
190,4.059565329597213e-112
191,3.903568562760584e-114
192,3.606386838979838e-116
193,3.201186877169054e-118
194,2.7300963041071164e-120
195,2.2370367921205067e-122
196,1.7611506504652953e-124
197,1.3321346009176571e-126
198,9.681171884373778e-129
199,6.75983310435887e-131
200,4.534947222558209e-133
201,2.923053211406557e-135
202,1.8102119447947974e-137
203,1.0770859280701948e-139
204,6.157430212981216e-142
205,3.382025403854017e-144
206,1.7847708052834613e-146
207,9.049326583041764e-149
208,4.408372566805264e-151
209,2.0633292799192835e-153
210,9.278697405618597e-156
211,4.00897827994281e-158
212,1.664211870758954e-160
213,6.637610260055248e-163
214,2.543566532428949e-165
215,9.364889910496388e-168
216,3.3127637972823454e-170
217,1.1259172870655968e-172
218,3.676636748842216e-175
219,1.153514826455004e-177
220,3.4771534664044994e-180
221,1.0070539973475234e-182
222,2.8022693524524373e-185
223,7.491955984611083e-188
224,1.924459509883478e-190
225,4.7495291740086e-193
226,1.1262130670179245e-195
227,2.5657762750095734e-198
228,5.616234445292633e-201
229,1.1811359636519529e-203
230,2.3866172674676281e-206
231,4.6333369486173227e-209
232,8.642377074926096e-212
233,1.548819323720872e-214
234,2.6668373352482275e-217
235,4.41184773539304e-220
236,7.012497588542216e-223
237,1.0709104468877726e-225
238,1.5713097531645443e-228
239,2.2151272408037827e-231
240,3.000293702018296e-234
241,3.9044249877465744e-237
242,4.881784649307135e-240
243,5.864464640103852e-243
244,6.768716855920434e-246
245,7.506068845749406e-249
246,7.997365783629352e-252
247,8.186713604584458e-255
248,8.051938627240864e-258
249,7.60885897721269e-261
250,6.908230735885943e-264
251,6.02618354221753e-267
252,5.0506363046518224e-270
253,4.067036387569009e-273
254,3.1465761071192664e-276
