0,0.000086
1,0.000104
2,0.000127
3,0.000155
4,0.000188
5,0.000228
6,0.000276
7,0.000333
8,0.000403
9,0.000486
10,0.000585
11,0.000704
12,0.000846
13,0.001016
14,0.001218
15,0.001458
16,0.001743
17,0.002082
18,0.002483
19,0.002957
20,0.003518
21,0.004180
22,0.004960
23,0.005877
24,0.006956
25,0.008222
26,0.009707
27,0.011445
28,0.013476
29,0.015848
30,0.018614
31,0.021835
32,0.025580
33,0.029930
34,0.034975
35,0.040818
36,0.047576
37,0.055382
38,0.064387
39,0.074761
40,0.086696
41,0.100408
42,0.116140
43,0.134166
44,0.154792
45,0.178362
46,0.205258
47,0.235909
48,0.270792
49,0.310436
50,0.355431
51,0.406429
52,0.464151
53,0.529396
54,0.603042
55,0.686058
56,0.779507
57,0.884556
58,1.002482
59,1.134682
60,1.282678
61,1.448128
62,1.632836
63,1.838756
64,2.068006
65,2.322874
66,2.605826
67,2.919518
68,3.266804
69,3.650741
70,4.074600
71,4.541873
72,5.056279
73,5.621772
74,6.242541
75,6.923021
76,7.667891
77,8.482079
78,9.370758
79,10.339348
80,11.393513
81,12.539154
82,13.782400
83,15.129602
84,16.587320
85,18.162307
86,19.861490
87,21.691956
88,23.660921
89,25.775710
90,28.043723
91,30.472407
92,33.069217
93,35.841577
94,38.796841
95,41.942244
96,45.284859
97,48.831541
98,52.588877
99,56.563127
100,60.760170
101,65.185440
102,69.843867
103,74.739813
104,79.877007
105,85.258486
106,90.886526
107,96.762581
108,102.887221
109,109.260072
110,115.879758
111,122.743847
112,129.848799
113,137.189917
114,144.761310
115,152.555850
116,160.565148
117,168.779522
118,177.187987
119,185.778242
120,194.536670
121,203.448344
122,212.497044
123,221.665283
124,230.934341
125,240.284309
126,249.694144
127,259.141731
128,268.603958
129,278.056795
130,287.475388
131,296.834161
132,306.106917
133,315.266960
134,324.287217
135,333.140360
136,341.798952
137,350.235573
138,358.422971
139,366.334204
140,373.942784
141,381.222827
142,388.149195
143,394.697646
144,400.844967
145,406.569117
146,411.849357
147,416.666370
148,421.002389
149,424.841295
150,428.168724
151,430.972154
152,433.240983
153,434.966599
154,436.142428
155,436.763983
156,436.828890
157,436.336898
158,435.289890
159,433.691863
160,431.548906
161,428.869162
162,425.662774
163,421.941824
164,417.720255
165,413.013783
166,407.839804
167,402.217281
168,396.166634
169,389.709613
170,382.869168
171,375.669315
172,368.134996
173,360.291934
174,352.166489
175,343.785510
176,335.176191
177,326.365924
178,317.382157
179,308.252253
180,299.003358
181,289.662266
182,280.255300
183,270.808193
184,261.345975
185,251.892877
186,242.472232
187,233.106394
188,223.816662
189,214.623215
190,205.545054
191,196.599957
192,187.804442
193,179.173738
194,170.721768
195,162.461141
196,154.403149
197,146.557773
198,138.933705
199,131.538362
200,124.377921
201,117.457353
202,110.780464
203,104.349940
204,98.167398
205,92.233441
206,86.547712
207,81.108959
208,75.915091
209,70.963243
210,66.249843
211,61.770668
212,57.520917
213,53.495266
214,49.687936
215,46.092750
216,42.703191
217,39.512462
218,36.513537
219,33.699215
220,31.062164
221,28.594972
222,26.290189
223,24.140363
224,22.138079
225,20.275992
226,18.546858
227,16.943559
228,15.459128
229,14.086769
230,12.819877
231,11.652051
232,10.577107
233,9.589093
234,8.682288
235,7.851216
236,7.090644
237,6.395588
238,5.761312
239,5.183323
240,4.657376
241,4.179462
242,3.745807
243,3.352869
244,2.997324
245,2.676067
246,2.386197
247,2.125013
248,1.890005
249,1.678845
250,1.489375
251,1.319604
252,1.167694
253,1.031955
254,0.910833
