0,2.0000857110418435
1,2.0001044639672756
2,2.000127157854415
3,2.0001545848812916
4,2.00018768875558
5,2.0002275921231534
6,2.0002756286301264
7,2.0003333803748573
8,2.0004027215950657
9,2.0004858695594203
10,2.0005854437750457
11,2.0007045347853367
12,2.000846784019848
13,2.0010164763742866
14,2.0012186474492886
15,2.0014592076685997
16,2.0017450858392922
17,2.002084395119578
18,2.002486624837665
19,2.0029628621754076
20,2.003526048415481
21,2.0041912752784627
22,2.004976127881694
23,2.00590108207921
24,2.0069899654462784
25,2.008270493021184
26,2.0097748911946467
27,2.011540625946229
28,2.013611255091696
29,2.016037428475654
30,2.018878065299049
31,2.022201744223394
32,2.026088349791458
33,2.0306310283355558
34,2.035938518239348
35,2.0421379335496077
36,2.0493780969150617
37,2.0578335381130635
38,2.067709298496021
39,2.079246710053932
40,2.092730350957632
41,2.108496417912801
42,2.1269427998642323
43,2.1485411879055976
44,2.1738516129033423
45,2.2035398653779303
46,2.238398321390845
47,2.279370773020359
48,2.3275819415159282
49,2.384372433934527
50,2.451339987910787
51,2.5303879314210387
52,2.623781861395984
53,2.7342156123632044
54,2.8648876385581388
55,3.0195889637456546
56,3.202803854974764
57,3.4198243413415983
58,3.6768796174284994
59,3.9812812336407912
60,4.341584772012605
61,4.7677684260008295
62,5.27142853654792
63,5.865991675446815
64,6.566942303562604
65,7.392064360860857
66,8.361694365688255
67,9.498982714532012
68,10.830158887543526
69,12.384795192063054
70,14.19606253519968
71,16.300970533129558
72,18.740583072449617
73,21.560199278412405
74,24.809488764195315
75,28.542569089230398
76,32.81801260340046
77,37.69876936209758
78,43.251992631393094
79,49.54875372919895
80,56.66363363034359
81,64.67417995738977
82,73.66021973103098
83,83.70302059631715
84,94.8842961883818
85,107.28505484716402
86,120.98429500388826
87,136.05755518504296
88,152.5753316261525
89,170.60138184271798
90,190.1909380261259
91,211.38885964891517
92,234.22775998505796
93,258.72614616823654
94,284.8866167053734
95,312.69416381225983
96,342.11463032788913
97,373.0933720951816
98,405.55417639575364
99,439.3984851592836
100,474.5049681437614
101,510.72948606556736
102,547.9054767727574
103,585.8447890912391
104,624.3389790889518
105,663.1610724211816
106,702.0677844263375
107,740.8021770765371
108,779.0967191367265
109,816.6767033673383
110,853.263962753168
111,888.5808169898048
112,922.3541712254895
113,954.3196817220147
114,984.2258979915987
115,1011.8382883474387
116,1036.9430558517524
117,1059.3506544423587
118,1078.8989205543542
119,1095.45574371337
120,1108.9212101483652
121,1119.2291661495706
122,1126.3481622936201
123,1130.2817553181599
124,1131.0681608471937
125,1128.7792668107918
126,1123.5190337241513
127,1115.4213234596773
128,1104.6472122638274
129,1091.3818560932423
130,1075.8309864978328
131,1058.2171229717658
132,1038.7755927303963
133,1017.7504511556738
134,995.3903956888821
135,971.9447628402083
136,947.6596924228213
137,922.7745353781229
138,897.5185719780474
139,872.108096159367
140,846.7439096862629
141,821.6092571879963
142,796.8682203124795
143,772.6645766883912
144,749.1211174783343
145,726.3394063666647
146,704.3999531347492
147,683.3627667470926
148,663.2682462508166
149,644.1383628579872
150,625.9780833499713
151,608.7769833700806
152,592.5109991567816
153,577.1442676717152
154,562.6310077165964
155,548.9173983077477
156,535.9434150687366
157,523.6445904874013
158,511.9536693443208
159,500.80213624792805
160,490.12159781742514
161,479.8450074718181
162,469.90772587157477
163,460.24841470679985
164,450.80976564955284
165,441.5390698333647
166,432.38863616206123
167,423.3160690785212
168,414.2844181586414
169,405.2622130704006
170,396.2233980998598
171,387.14718065228567
172,378.01780795061404
173,368.8242856413904
174,359.5600512463965
175,350.2226144303229
176,340.8131749507421
177,331.3362279702133
178,321.7991651889205
179,312.21187903987754
180,302.5863760101739
181,292.93640403651295
182,283.2770978901755
183,273.6246455281133
184,263.9959775502966
185,254.40848117123497
186,244.87973948449684
187,235.42729626881592
188,226.06844614655867
189,216.82004955194267
190,207.6983716885992
191,198.71894444459667
192,189.89645007868154
193,181.24462538539757
194,172.77618498066164
195,164.50276231582512
196,156.4348670206004
197,148.58185718774004
198,140.95192524016855
199,133.55209606035584
200,126.38823610883931
201,119.46507231138084
202,112.78621955031628
203,106.35421565375063
204,100.17056283530815
205,94.23577459644126
206,88.54942716234153
207,83.11021458098968
208,77.9160066726507
209,72.96390907407954
210,68.2503246777953
211,63.77101582199082
212,59.521166640923006
213,55.49544503894324
214,51.68806380359871
215,48.09284042437471
216,44.703255233537874
217,41.512507534040864
218,38.513569426407855
219,35.699237091774336
220,33.06217933163541
221,30.594983206201203
222,28.290196652408575
223,26.14036799945411
224,24.13808233406798
225,22.275994699538888
226,20.54686014164928
227,18.943560641131462
228,17.459128995983626
229,16.08676973799074
230,14.819877186102842
231,13.652050754985394
232,12.577107650146319
233,11.589093091657595
234,10.682288216740892
235,9.851215817505846
236,9.090644074061853
237,8.395588445222991
238,7.761311879254357
239,7.183323505734785
240,6.657375966805798
241,6.179461542011655
242,5.74580721577901
243,5.3528688305031675
244,4.997324461360355
245,4.6760671415054365
246,4.386197058385526
247,4.125013333638033
248,3.890005490570765
249,3.6788447046565373
250,3.4893749239178433
251,3.3196039376205904
252,3.1676944634198883
253,3.0319553150749563
254,2.9108327051330662
