0.0,0.000007
1.0,0.000207
2.0,0.004358
3.0,0.067411
4.0,0.765460
5.0,6.381009
6.0,39.051000
7.0,175.448886
8.0,578.688343
9.0,1401.246431
10.0,2490.921098
11.0,3250.731420
12.0,3315.242106
13.0,3305.390650
14.0,3286.965988
15.0,3260.111828
16.0,3225.036660
17.0,3182.011064
18.0,3131.364230
19.0,3073.479766
20.0,3008.790864
21.0,2937.774902
22.0,2860.947590
23.0,2778.856746
24.0,2692.075819
25.0,2601.197252
26.0,2506.825808
27.0,2409.571951
28.0,2310.045384
29.0,2208.848841
30.0,2106.572217
31.0,2003.787112
32.0,1901.041847
33.0,1798.857023
34.0,1697.721649
35.0,1598.089869
36.0,1500.378324
37.0,1404.964127
38.0,1312.183465
39.0,1222.330806
40.0,1135.658682
41.0,1052.378009
42.0,972.658921
43.0,896.632045
44.0,824.390178
45.0,755.990317
46.0,691.455966
47.0,630.779680
48.0,573.925778
49.0,520.833177
50.0,471.418282
51.0,425.577905
52.0,383.192142
53.0,344.127190
54.0,308.238054
55.0,275.371119
56.0,245.366573
57.0,218.060637
58.0,193.287614
59.0,170.881736
60.0,150.678795
61.0,132.517582
62.0,116.241107
63.0,101.697633
64.0,88.741511
65.0,77.233847
66.0,67.042992
67.0,58.044888
68.0,50.123275
69.0,43.169774
70.0,37.083864
71.0,31.772768
72.0,27.151261
73.0,23.141410
74.0,19.672272
75.0,16.679540
76.0,14.105176
77.0,11.897009
78.0,10.008338
79.0,8.397520
80.0,7.027566
81.0,5.865752
82.0,4.883232
83.0,4.054674
84.0,3.357912
85.0,2.773624
86.0,2.285024
87.0,1.877581
88.0,1.538763
89.0,1.257794
90.0,1.025444
91.0,0.833834
92.0,0.676257
93.0,0.547027
94.0,0.441338
95.0,0.355139
96.0,0.285030
97.0,0.228164
98.0,0.182166
99.0,0.145062
100.0,0.115214
101.0,0.091269
102.0,0.072111
103.0,0.056826
104.0,0.044664
105.0,0.035014
106.0,0.027376
107.0,0.021349
108.0,0.016606
109.0,0.012882
110.0,0.009968
111.0,0.007692
112.0,0.005921
113.0,0.004545
114.0,0.003480
115.0,0.002658
116.0,0.002025
117.0,0.001538
118.0,0.001166
119.0,0.000881
120.0,0.000664
121.0,0.000499
122.0,0.000374
123.0,0.000280
124.0,0.000209
125.0,0.000155
126.0,0.000115
127.0,0.000085
128.0,0.000063
129.0,0.000046
130.0,0.000034
131.0,0.000025
132.0,0.000018
133.0,0.000013
134.0,0.000010
135.0,0.000007
136.0,0.000005
137.0,0.000004
138.0,0.000003
139.0,0.000002
140.0,0.000001
141.0,0.000001
142.0,0.000001
143.0,0.000000
144.0,0.000000
145.0,0.000000
146.0,0.000000
147.0,0.000000
148.0,0.000000
149.0,0.000000
150.0,0.000000
151.0,0.000000
152.0,0.000000
153.0,0.000000
154.0,0.000000
155.0,0.000000
156.0,0.000000
157.0,0.000000
158.0,0.000000
159.0,0.000000
160.0,0.000000
161.0,0.000000
162.0,0.000000
163.0,0.000000
164.0,0.000000
165.0,0.000000
166.0,0.000000
167.0,0.000000
168.0,0.000000
169.0,0.000000
170.0,0.000000
171.0,0.000000
172.0,0.000000
173.0,0.000000
174.0,0.000000
175.0,0.000000
176.0,0.000000
177.0,0.000000
178.0,0.000000
179.0,0.000000
180.0,0.000000
181.0,0.000000
182.0,0.000000
183.0,0.000000
184.0,0.000000
185.0,0.000000
186.0,0.000000
187.0,0.000000
188.0,0.000000
189.0,0.000000
190.0,0.000000
191.0,0.000000
192.0,0.000000
193.0,0.000000
194.0,0.000000
195.0,0.000000
196.0,0.000000
197.0,0.000000
198.0,0.000000
199.0,0.000000
200.0,0.000000
201.0,0.000000
202.0,0.000000
203.0,0.000000
204.0,0.000000
205.0,0.000000
206.0,0.000000
207.0,0.000000
208.0,0.000000
209.0,0.000000
210.0,0.000000
211.0,0.000000
212.0,0.000000
213.0,0.000000
214.0,0.000000
215.0,0.000000
216.0,0.000000
217.0,0.000000
218.0,0.000000
219.0,0.000000
220.0,0.000000
221.0,0.000000
222.0,0.000000
223.0,0.000000
224.0,0.000000
225.0,0.000000
226.0,0.000000
227.0,0.000000
228.0,0.000000
229.0,0.000000
230.0,0.000000
231.0,0.000000
232.0,0.000000
233.0,0.000000
234.0,0.000000
235.0,0.000000
236.0,0.000000
237.0,0.000000
238.0,0.000000
239.0,0.000000
240.0,0.000000
241.0,0.000000
242.0,0.000000
243.0,0.000000
244.0,0.000000
245.0,0.000000
246.0,0.000000
247.0,0.000000
248.0,0.000000
249.0,0.000000
250.0,0.000000
251.0,0.000000
252.0,0.000000
253.0,0.000000
254.0,0.000000
