0.0,0.009208
1.0,0.013508
2.0,0.019679
3.0,0.028472
4.0,0.040911
5.0,0.058380
6.0,0.082735
7.0,0.116444
8.0,0.162759
9.0,0.225930
10.0,0.311463
11.0,0.426421
12.0,0.579792
13.0,0.782903
14.0,1.049894
15.0,1.398247
16.0,1.849370
17.0,2.429212
18.0,3.168899
19.0,4.105375
20.0,5.282005
21.0,6.749106
22.0,8.564366
23.0,10.793085
24.0,13.508200
25.0,16.790006
26.0,20.725533
27.0,25.407506
28.0,30.932843
29.0,37.400648
30.0,44.909673
31.0,53.555261
32.0,63.425788
33.0,74.598669
34.0,87.136030
35.0,101.080164
36.0,116.448953
37.0,133.231439
38.0,151.383775
39.0,170.825784
40.0,191.438373
41.0,213.062023
42.0,235.496567
43.0,258.502409
44.0,281.803309
45.0,305.090766
46.0,328.029965
47.0,350.267186
48.0,371.438459
49.0,391.179211
50.0,409.134538
51.0,424.969733
52.0,438.380612
53.0,449.103207
54.0,456.922406
55.0,461.679121
56.0,463.275672
57.0,462.812550
58.0,461.425961
59.0,459.124206
60.0,455.921025
61.0,451.835465
62.0,446.891688
63.0,441.118736
64.0,434.550243
65.0,427.224112
66.0,419.182149
67.0,410.469667
68.0,401.135063
69.0,391.229366
70.0,380.805781
71.0,369.919211
72.0,358.625779
73.0,346.982354
74.0,335.046078
75.0,322.873911
76.0,310.522186
77.0,298.046195
78.0,285.499791
79.0,272.935026
80.0,260.401821
81.0,247.947667
82.0,235.617369
83.0,223.452822
84.0,211.492831
85.0,199.772968
86.0,188.325470
87.0,177.179171
88.0,166.359472
89.0,155.888353
90.0,145.784406
91.0,136.062905
92.0,126.735905
93.0,117.812363
94.0,109.298281
95.0,101.196866
96.0,93.508708
97.0,86.231972
98.0,79.362592
99.0,72.894479
100.0,66.819727
101.0,61.128821
102.0,55.810846
103.0,50.853689
104.0,46.244233
105.0,41.968551
106.0,38.012079
107.0,34.359793
108.0,30.996362
109.0,27.906295
110.0,25.074073
111.0,22.484274
112.0,20.121674
113.0,17.971347
114.0,16.018742
115.0,14.249757
116.0,12.650793
117.0,11.208806
118.0,9.911335
119.0,8.746540
120.0,7.703209
121.0,6.770774
122.0,5.939313
123.0,5.199545
124.0,4.542823
125.0,3.961115
126.0,3.446994
127.0,2.993606
128.0,2.594658
129.0,2.244383
130.0,1.937515
131.0,1.669261
132.0,1.435274
133.0,1.231620
134.0,1.054751
135.0,0.901476
136.0,0.768935
137.0,0.654571
138.0,0.556102
139.0,0.471503
140.0,0.398974
141.0,0.336928
142.0,0.283962
143.0,0.238844
144.0,0.200493
145.0,0.167964
146.0,0.140432
147.0,0.117178
148.0,0.097579
149.0,0.081096
150.0,0.067262
151.0,0.055677
152.0,0.045995
153.0,0.037921
154.0,0.031202
155.0,0.025622
156.0,0.020998
157.0,0.017174
158.0,0.014018
159.0,0.011419
160.0,0.009284
161.0,0.007533
162.0,0.006099
163.0,0.004929
164.0,0.003975
165.0,0.003200
166.0,0.002570
167.0,0.002061
168.0,0.001649
169.0,0.001316
170.0,0.001049
171.0,0.000834
172.0,0.000662
173.0,0.000525
174.0,0.000415
175.0,0.000327
176.0,0.000258
177.0,0.000202
178.0,0.000159
179.0,0.000124
180.0,0.000097
181.0,0.000076
182.0,0.000059
183.0,0.000046
184.0,0.000035
185.0,0.000027
186.0,0.000021
187.0,0.000016
188.0,0.000013
189.0,0.000010
190.0,0.000007
191.0,0.000006
192.0,0.000004
193.0,0.000003
194.0,0.000002
195.0,0.000002
196.0,0.000001
197.0,0.000001
198.0,0.000001
199.0,0.000001
200.0,0.000000
201.0,0.000000
202.0,0.000000
203.0,0.000000
204.0,0.000000
205.0,0.000000
206.0,0.000000
207.0,0.000000
208.0,0.000000
209.0,0.000000
210.0,0.000000
211.0,0.000000
212.0,0.000000
213.0,0.000000
214.0,0.000000
215.0,0.000000
216.0,0.000000
217.0,0.000000
218.0,0.000000
219.0,0.000000
220.0,0.000000
221.0,0.000000
222.0,0.000000
223.0,0.000000
224.0,0.000000
225.0,0.000000
226.0,0.000000
227.0,0.000000
228.0,0.000000
229.0,0.000000
230.0,0.000000
231.0,0.000000
232.0,0.000000
233.0,0.000000
234.0,0.000000
235.0,0.000000
236.0,0.000000
237.0,0.000000
238.0,0.000000
239.0,0.000000
240.0,0.000000
241.0,0.000000
242.0,0.000000
243.0,0.000000
244.0,0.000000
245.0,0.000000
246.0,0.000000
247.0,0.000000
248.0,0.000000
249.0,0.000000
250.0,0.000000
251.0,0.000000
252.0,0.000000
253.0,0.000000
254.0,0.000000
