0,0.335545
1,0.335545
2,0.335545
3,0.335545
4,0.335545
5,0.335545
6,0.335545
7,0.335545
8,0.335545
9,0.335545
10,0.335545
11,0.335545
12,0.335545
13,0.335545
14,0.335545
15,0.335545
16,0.335545
17,0.335545
18,0.335545
19,0.335545
20,0.335545
21,0.335545
22,0.335545
23,0.335545
24,0.335545
25,0.335545
26,0.335545
27,0.335545
28,0.335545
29,0.335545
30,0.335545
31,0.335545
32,0.335545
33,0.335545
34,0.335545
35,0.335545
36,0.335545
37,0.335545
38,0.335545
39,0.335545
40,0.335545
41,0.335545
42,0.335545
43,0.335545
44,0.335545
45,0.335545
46,0.335545
47,0.335545
48,0.335545
49,0.335545
50,0.335545
51,0.335545
52,0.335545
53,0.335545
54,0.335545
55,0.335545
56,0.335545
57,0.335545
58,0.335545
59,0.335545
60,0.335545
61,0.335545
62,0.335545
63,0.335545
64,0.335545
65,0.335545
66,0.335545
67,0.335545
68,0.335545
69,0.335545
70,0.335545
71,0.335546
72,0.335550
73,0.335563
74,0.335611
75,0.335769
76,0.336276
77,0.337831
78,0.342413
79,0.355369
80,0.390521
81,0.482028
82,0.710539
83,1.257881
84,2.515175
85,5.284394
86,11.131323
87,22.962800
88,45.901242
89,88.495706
90,164.218941
91,293.037589
92,502.614261
93,828.453149
94,1312.135103
95,1996.844074
96,2919.799426
97,4102.030680
98,5537.052497
99,7181.108059
100,8948.295733
101,10713.648409
102,12325.916141
103,13629.624269
104,14493.461129
105,14839.670756
106,14667.035510
107,14058.432675
108,13164.287255
109,12158.756743
110,11178.504346
111,10270.126517
112,9378.476671
113,8391.339958
114,7220.211112
115,5868.180869
116,4441.384921
117,3099.613991
118,1982.689953
119,1159.098303
120,619.250094
121,303.161230
122,136.832217
123,57.547959
124,22.942579
125,8.906247
126,3.512401
127,1.504420
128,0.765266
129,0.492936
130,0.392474
131,0.355683
132,0.342458
133,0.337837
134,0.336277
135,0.335769
136,0.335611
137,0.335563
138,0.335550
139,0.335546
140,0.335545
141,0.335545
142,0.335545
143,0.335545
144,0.335545
145,0.335545
146,0.335545
147,0.335545
148,0.335545
149,0.335545
150,0.335545
151,0.335545
152,0.335545
153,0.335545
154,0.335545
155,0.335545
156,0.335545
157,0.335545
158,0.335545
159,0.335545
160,0.335545
161,0.335545
162,0.335545
163,0.335545
164,0.335545
165,0.335545
166,0.335545
167,0.335545
168,0.335545
169,0.335545
170,0.335545
171,0.335545
172,0.335545
173,0.335545
174,0.335545
175,0.335545
176,0.335545
177,0.335545
178,0.335545
179,0.335545
180,0.335545
181,0.335545
182,0.335545
183,0.335545
184,0.335545
185,0.335545
186,0.335545
187,0.335545
188,0.335545
189,0.335545
190,0.335545
191,0.335545
192,0.335545
193,0.335545
194,0.335545
195,0.335545
196,0.335545
197,0.335545
198,0.335545
199,0.335545
200,0.335545
201,0.335545
202,0.335545
203,0.335545
204,0.335545
205,0.335545
206,0.335545
207,0.335545
208,0.335545
209,0.335545
210,0.335545
211,0.335545
212,0.335545
213,0.335545
214,0.335545
215,0.335545
216,0.335545
217,0.335545
218,0.335545
219,0.335545
220,0.335545
221,0.335545
222,0.335545
223,0.335545
224,0.335545
225,0.335545
226,0.335545
227,0.335545
228,0.335545
229,0.335545
230,0.335545
231,0.335545
232,0.335545
233,0.335545
234,0.335545
235,0.335545
236,0.335545
237,0.335545
238,0.335545
239,0.335545
240,0.335545
241,0.335545
242,0.335545
243,0.335545
244,0.335545
245,0.335545
246,0.335545
247,0.335545
248,0.335545
249,0.335545
250,0.335545
251,0.335545
252,0.335545
253,0.335545
254,0.335545
