0,1.7763590030364125e-298
1,3.434365052854407e-293
2,5.961980480513443e-288
3,9.293151606739754e-283
4,1.3006602667424802e-277
5,1.6345307805158914e-272
6,1.844381307843549e-267
7,1.868687582599069e-262
8,1.7000083952919867e-257
9,1.3886532383307547e-252
10,1.0185091507054293e-247
11,6.707558020253344e-243
12,3.9663617342910185e-238
13,2.105952541336931e-233
14,1.0039988586015785e-228
15,4.2978003512480693e-224
16,1.6519147605200228e-219
17,5.70108359798841e-215
18,1.7666705263197004e-210
19,4.9156629462355017e-206
20,1.2281092679112531e-201
21,2.754991730012159e-197
22,5.54922033479855e-193
23,1.0036262628464697e-188
24,1.6298230084969177e-184
25,2.3764968908804233e-180
26,3.1114471971319367e-176
27,3.6577666738233767e-172
28,3.860983458828014e-168
29,3.6593863363685686e-164
30,3.1142033107292045e-160
31,2.379655234202889e-156
32,1.6327116751285388e-152
33,1.0058502648505032e-148
34,5.5639798652939745e-145
35,2.7635424727575826e-141
36,1.2324664798182806e-137
37,4.935287621734802e-134
38,1.774508966363996e-130
39,5.72891405754708e-127
40,1.6607138022309814e-123
41,4.322606098043324e-120
42,1.010240807361422e-116
43,2.1199837478929588e-113
44,3.9945561905139156e-110
45,6.758229201516285e-107
46,1.0266577200476499e-103
47,1.4003829571222193e-100
48,1.715127202186529e-97
49,1.8861413317481893e-94
50,1.862432355491778e-91
51,1.6512588664301153e-88
52,1.314553288774686e-85
53,9.396575515124937e-83
54,6.03100098434806e-80
55,3.475662268120665e-77
56,1.7985152219069365e-74
57,8.356396631152413e-72
58,3.486200425523166e-69
59,1.305912372832598e-66
60,4.392422428374519e-64
61,1.3265466985344303e-61
62,3.597239590539769e-59
63,8.758799093827922e-57
64,1.914909015335821e-54
65,3.759067304410578e-52
66,6.625832278331243e-50
67,1.0486466014490707e-47
68,1.4902057949729994e-45
69,1.901479821016947e-43
70,2.1785401723416885e-41
71,2.2411338920547558e-39
72,2.0701337830279944e-37
73,1.7169490231477788e-35
74,1.2786296410969697e-33
75,8.549889734719085e-32
76,5.133394469832518e-30
77,2.7674331686660714e-28
78,1.3396088993617273e-26
79,5.822470341483462e-25
80,2.272296108947382e-23
81,7.962527465667924e-22
82,2.5053323184162736e-20
83,7.077960211883839e-19
84,1.795474625892663e-17
85,4.089580917984454e-16
86,8.363859299286945e-15
87,1.5359002450314576e-13
88,2.5324896542607117e-12
89,3.7493909676151436e-11
90,4.984276844606747e-10
91,5.949383479592405e-09
92,6.376320649261941e-08
93,6.136160528338236e-07
94,5.3021456745166426e-06
95,4.1137223609593254e-05
96,0.0002865805276446165
97,0.0017926138903722668
98,0.010068278391799636
99,0.050775247895472185
100,0.22992027389213868
101,0.9348261720081668
102,3.4128157001972994
103,11.187246003357098
104,32.92773963760119
105,87.02199368730906
106,206.50212131571288
107,439.9956518313124
108,841.7839303325552
109,1446.0431606666018
110,2230.4385335137677
111,3089.069233223879
112,3841.4342417862795
113,4289.3110703972725
114,4300.411972632376
115,3871.336836766025
116,3129.2498241906933
117,2271.1608423623493
118,1480.075691485069
119,866.0607141920902
120,455.031152500754
121,214.66552404617903
122,90.9309755182772
123,34.58515913851454
124,11.81125607154005
125,3.62185259372258
126,0.9972265565059706
127,0.24653880051735605
128,0.05472743587264191
129,0.010908205263767755
130,0.0019522250507609954
131,0.0003137146786746624
132,4.526558912553071e-05
133,5.864485179485677e-06
134,6.822129953531029e-07
135,7.125879295410371e-08
136,6.6832131748024e-09
137,5.628083670690463e-10
138,4.2556328767551256e-11
139,2.8893233291828908e-12
140,1.7613939968279275e-13
141,9.641514490273931e-15
142,4.738734572390697e-16
143,2.0912593108333513e-17
144,8.286702935742094e-19
145,2.9483839068943054e-20
146,9.419214184171209e-22
147,2.701927500862293e-23
148,6.9592283928929055e-25
149,1.609447692411104e-26
150,3.3421121722838034e-28
151,6.231513734645224e-30
152,1.043264596662626e-31
153,1.568280569780288e-33
154,2.1168078266815738e-35
155,2.565473200109207e-37
156,2.791784621484838e-39
157,2.7278765837801896e-41
158,2.3932931832189067e-43
159,1.8853651218007418e-45
160,1.3335933223798766e-47
161,8.469928312931519e-50
162,4.830192461582016e-52
163,2.4733040906115148e-54
164,1.1371531914653046e-56
165,4.6944942574402425e-59
166,1.7401513730431206e-61
167,5.791800895198827e-64
168,1.730886527908393e-66
169,4.644638849378246e-69
170,1.1190865652353557e-71
171,2.421050187938889e-74
172,4.702970791962831e-77
173,8.202932720043921e-80
174,1.2846783234303744e-82
175,1.8065418292938913e-85
176,2.2810249002895644e-88
177,2.58607079257386e-91
178,2.632565413621864e-94
179,2.4062808345822827e-97
180,1.9748850926717483e-100
181,1.4553442351454622e-103
182,9.62981640033875e-107
183,5.721351932873032e-110
184,3.052162820335231e-113
185,1.4619923874096173e-116
186,6.287976407883215e-120
187,2.4283152916432775e-123
188,8.420301158259385e-127
189,2.621673192982511e-130
190,7.329221735630182e-134
191,1.8397785334392767e-137
192,4.146690409658198e-141
193,8.392011227590619e-145
194,1.5249614984033918e-148
195,2.4881701774561167e-152
196,3.645269658563394e-156
197,4.795209873702211e-160
198,5.663878882567659e-164
199,6.006876104427959e-168
200,5.720207327039747e-172
201,4.891062857933238e-176
202,3.75511375105982e-180
203,2.5886380422226483e-184
204,1.602315153323747e-188
205,8.905389708751258e-193
206,4.4441253254533547e-197
207,1.9913520465256066e-201
208,8.01194889807746e-206
209,2.8943875089885406e-210
210,9.38865885212208e-215
211,2.7345056246351104e-219
212,7.151258254720354e-224
213,1.6792466166103602e-228
214,3.5405838219963045e-233
215,6.702914165672818e-238
216,1.139412066353532e-242
217,1.739107185067042e-247
218,2.3834182652196256e-252
219,2.932935794571369e-257
220,3.240658199584136e-262
221,3.2150836550189623e-267
222,2.864044137738206e-272
223,2.29084399187759e-277
224,1.645279555259415e-282
225,1.0609923840762779e-287
226,6.143462486766286e-293
227,3.194056055811364e-298
228,1.4910775642764263e-303
229,6.25009064850941e-309
230,2.3523434345e-314
231,8.603e-320
232,0.0
233,0.0
234,0.0
235,0.0
236,0.0
237,0.0
238,0.0
239,0.0
240,0.0
241,0.0
242,0.0
243,0.0
244,0.0
245,0.0
246,0.0
247,0.0
248,0.0
249,0.0
250,0.0
251,0.0
252,0.0
253,0.0
254,0.0
