0,2.5522714651302197e-92
1,1.6683140195192376e-90
2,1.0477482748901458e-88
3,6.322143223647856e-87
4,3.6652189793330867e-85
5,2.0415675024610972e-83
6,1.0925863790688716e-81
7,5.61792634117014e-80
8,2.7753932014812687e-78
9,1.3173501349497012e-76
10,6.007670998571323e-75
11,2.632323632068715e-73
12,1.1081553437385886e-71
13,4.4821896466407633e-70
14,1.7418390867235351e-68
15,6.503603503561101e-67
16,2.3330728593798316e-65
17,8.041383371058546e-64
18,2.6629404470558032e-62
19,8.472671366388808e-61
20,2.5900460733597967e-59
21,7.607165039348538e-58
22,2.1466755411422198e-56
23,5.8202038826767776e-55
24,1.5161361721873924e-53
25,3.7946038328760616e-52
26,9.124790319684392e-51
27,2.108179406596375e-49
28,4.679726376014132e-48
29,9.980713178703556e-47
30,2.045177049609776e-45
31,4.026507075877297e-44
32,7.616478902246325e-43
33,1.3842299477264882e-41
34,2.417076851863441e-40
35,4.0550937406778447e-39
36,6.53641409521682e-38
37,1.012293476760783e-36
38,1.506265536103158e-35
39,2.1534007563494263e-34
40,2.9578517557098455e-33
41,3.9035178275870837e-32
42,4.949532168256345e-31
43,6.029764574805964e-30
44,7.057725797852106e-29
45,7.937019140561654e-28
46,8.575872084288758e-27
47,8.902815683868456e-26
48,8.87983079924444e-25
49,8.509621033489695e-24
50,7.835089639857088e-23
51,6.931160251867142e-22
52,5.8910964256529715e-21
53,4.810769438317724e-20
54,3.774515177742428e-19
55,2.8453521876846636e-18
56,2.0608154597655177e-17
57,1.4340701580940224e-16
58,9.588041699834526e-16
59,6.159105603319141e-15
60,3.801312796155094e-14
61,2.2541239083341434e-13
62,1.284251802302867e-12
63,7.029926803533158e-12
64,3.697257027347108e-11
65,1.868257368272584e-10
66,9.070306966977511e-10
67,4.230926563301744e-09
68,1.8961697336142716e-08
69,8.164830131812023e-08
70,3.377888562948277e-07
71,1.3426774746352121e-06
72,5.127743689304674e-06
73,1.8815212831561635e-05
74,6.633155560570641e-05
75,0.00022467743149955584
76,0.0007311844370432914
77,0.002286244366862248
78,0.0068682576493629965
79,0.019824339625928965
80,0.054976754849648195
81,0.14648315762009362
82,0.3749941616054461
83,0.9223368065499756
84,2.179630087595916
85,4.948849759764748
86,10.795778497038723
87,22.6272555585465
88,45.56569714362619
89,88.16016154512748
90,163.88339646985733
91,292.70204425686677
92,502.27871652006326
93,828.1176037461655
94,1311.7995526096004
95,1996.5084877485162
96,2919.4635943077933
97,4101.693342558771
98,5536.7068844259875
99,7180.721739457906
100,8947.73026835687
101,10712.378037801953
102,12322.167780330892
103,13618.101478463506
104,14460.197844388564
105,14752.313217889689
106,14460.197844373803
107,13618.1014784357
108,12322.167780293154
109,10712.378037758206
110,8947.730268311198
111,7180.721739413921
112,5536.70688438642
113,4101.693342525271
114,2919.463594280969
115,1996.5084877281338
116,1311.7995525948686
117,828.1176037360206
118,502.27871651339717
119,292.7020442526833
120,163.88339646734778
121,88.16016154368742
122,45.565697142835354
123,22.627255558130695
124,10.795778496829318
125,4.948849759663705
126,2.1796300875491865
127,0.9223368065292598
128,0.37499416159663995
129,0.14648315761650432
130,0.05497675484824504
131,0.019824339625402743
132,0.0068682576491736575
133,0.0022862443667968947
134,0.0007311844370216448
135,0.0002246774314926744
136,6.633155560360719e-05
137,1.8815212830946994e-05
138,5.127743689131917e-06
139,1.3426774745886124e-06
140,3.3778885628275743e-07
141,8.164830131511942e-08
142,1.8961697335426553e-08
143,4.230926563137602e-09
144,9.070306966616344e-10
145,1.8682573681962872e-10
146,3.697257027192348e-11
147,7.0299268032317546e-12
148,1.2842518022464918e-12
149,2.254123908232887e-13
150,3.8013127959804746e-14
151,6.1591056030298664e-15
152,9.588041699374464e-16
153,1.4340701580237542e-16
154,2.060815459662431e-17
155,2.8453521875394215e-18
156,3.774515177545921e-19
157,4.81076943806238e-20
158,5.891096425334175e-21
159,6.93116025148502e-22
160,7.835089639417115e-23
161,8.509621033003198e-24
162,8.879830798727816e-25
163,8.902815683341387e-26
164,8.57587208377227e-27
165,7.937019140075522e-28
166,7.057725797412507e-29
167,6.0297645744243096e-30
168,4.949532167937999e-31
169,3.9035178273320775e-32
170,2.9578517555135908e-33
171,2.1534007562043435e-34
172,1.5062655360001342e-35
173,1.0122934766905095e-36
174,6.536414094756466e-38
175,4.0550937403880996e-39
176,2.4170768516882964e-40
177,1.3842299476247692e-41
178,7.616478901678624e-43
179,4.026507075573058e-44
180,2.0451770494531518e-45
181,9.980713177928998e-47
182,4.679726375646171e-48
183,2.1081794064284845e-49
184,9.124790318948379e-51
185,3.794603832566157e-52
186,1.5161361720620403e-53
187,5.8202038821896154e-55
188,2.146675540960343e-56
189,7.607165038696238e-58
190,2.5900460731350545e-59
191,8.472671365645193e-61
192,2.662940446819286e-62
193,8.041383370335872e-64
194,2.3330728591677724e-65
195,6.5036035029635e-67
196,1.7418390865616996e-68
197,4.482189646219734e-70
198,1.1081553436333933e-71
199,2.632323631816065e-73
200,6.00767099798873e-75
201,1.3173501348206035e-76
202,2.775393201206446e-78
203,5.617926340608098e-80
204,1.0925863789584466e-81
205,2.0415675022526716e-83
206,3.665218978955255e-85
207,6.322143222989665e-87
208,1.047748274779994e-88
209,1.6683140193421376e-90
210,2.5522714648566717e-92
211,3.7514930941913985e-94
212,5.2979719965786005e-96
213,7.188584568052918e-98
214,9.371418546417088e-100
215,1.1738037808200212e-101
216,1.4125827355067676e-103
217,1.6332794761526377e-105
218,1.8144096046552575e-107
219,1.9365931365092614e-109
220,1.9859561783220428e-111
221,1.9567221211451826e-113
222,1.8523236390405804e-115
223,1.6847396779087233e-117
224,1.47223439598649e-119
225,1.2360878468602017e-121
226,9.971257545844178e-124
227,7.728207098339992e-126
228,5.754873614706778e-128
229,4.117380939663627e-130
230,2.8303134152275477e-132
231,1.869288054659313e-134
232,1.186167859760468e-136
233,7.231764825115801e-139
234,4.236143442532211e-141
235,2.3841042466894634e-143
236,1.2891636333588569e-145
237,6.697597907569083e-148
238,3.3431688906340867e-150
239,1.6033405762157479e-152
240,7.3879078683303924e-155
241,3.270735155374969e-157
242,1.3912254309907158e-159
243,5.685620355834811e-162
244,2.232474091959028e-164
245,8.422154780917393e-167
246,3.052728844496991e-169
247,1.0631179786613837e-171
248,3.5571560338156906e-174
249,1.1435432367821791e-176
250,3.5320796154321536e-179
251,1.0481817638527071e-181
252,2.9886216324834563e-184
253,8.187164046361868e-187
254,2.154885852772266e-189
