0.0,2.1109034576981874e-136
1.0,4.3384622745402804e-119
2.0,6.249800150632039e-103
3.0,6.310434825679111e-88
4.0,4.465964761218369e-74
5.0,2.2153081686733633e-61
6.0,7.702218887982662e-50
7.0,1.876983327666821e-39
8.0,3.206031788357504e-30
9.0,3.838292646679108e-22
10.0,3.2208551547172578e-15
11.0,1.894380243777019e-09
12.0,7.809549246589657e-05
13.0,0.22565638714849753
14.0,45.70167779029387
15.0,648.7531928827256
16.0,901.8461483244945
17.0,899.431374728189
18.0,894.6257491721748
19.0,887.4676635828516
20.0,878.0140477587615
21.0,866.3396154322164
22.0,852.535881087567
23.0,836.7099656318834
24.0,818.9832127160048
25.0,799.4896406951633
26.0,778.3742578301483
27.0,755.7912703101484
28.0,731.9022139924915
29.0,706.8740413862892
30.0,680.8771953586245
31.0,654.0837003333485
32.0,626.6653004204828
33.0,598.7916720105566
34.0,570.6287359580255
35.0,542.3370916371657
36.0,514.0705919667096
37.0,485.97507505570985
38.0,458.1872645150879
39.0,430.83384679939593
40.0,404.03073028114403
41.0,377.88248720013877
42.0,352.48197624991167
43.0,327.9101404306962
44.0,304.23597197129436
45.0,281.51663364683253
46.0,259.797723730073
47.0,239.11367013262608
48.0,219.48823802907262
49.0,200.93513441020428
50.0,183.45869256928557
51.0,167.0546194659758
52.0,151.71078920678772
53.0,137.40806649253307
54.0,124.12114477094686
55.0,111.81938495191683
56.0,100.46764184694419
57.0,90.02706693662596
58.0,80.45587760402962
59.0,71.71008455387161
60.0,63.74417072660997
61.0,56.51171657605189
62.0,49.96596807657721
63.0,44.06034523428695
64.0,38.74889017321216
65.0,33.98665503631969
66.0,29.73003096970643
67.0,25.937020340233158
68.0,22.567455069533043
69.0,19.583164552487503
70.0,16.948097071011716
71.0,14.628398922373426
72.0,12.592455665635438
73.0,10.810899962266367
74.0,9.256590460786077
75.0,7.904566064448148
76.0,6.731979739548953
77.0,5.718015783912797
78.0,4.843794193787263
79.0,4.092265455299988
80.0,3.448098755217188
81.0,2.8975662652297998
82.0,2.428425813283975
83.0,2.029803922125991
84.0,1.6920808754509915
85.0,1.406779170729916
86.0,1.1664564386049308
87.0,0.9646036542243768
88.0,0.7955492375504566
89.0,0.6543694381438215
90.0,0.5368052250784194
91.0,0.43918575371107005
92.0,0.35835835676848254
93.0,0.29162490598693286
94.0,0.23668431044520638
95.0,0.1915808566986703
96.0,0.15465805169603658
97.0,0.12451760007348228
98.0,0.09998313065409097
99.0,0.08006828080989213
100.0,0.06394874987537616
101.0,0.05093794229711109
102.0,0.04046583609707124
103.0,0.032060731129585546
104.0,0.02533355331566296
105.0,0.019964414511872006
106.0,0.015691152049354454
107.0,0.012299596553213811
108.0,0.00961534085695202
109.0,0.007496806221775548
110.0,0.005829424329448871
111.0,0.004520774409691055
112.0,0.0034965342406305033
113.0,0.0026971215433589505
114.0,0.0020749184542176386
115.0,0.0015919863198641
116.0,0.0012181910726305001
117.0,0.0009296709840032201
118.0,0.0007075887560573027
119.0,0.0005371187988960968
120.0,0.00040662826663732043
121.0,0.00030701709672511645
122.0,0.00023118802702286288
123.0,0.0001736224577686626
124.0,0.0001300421806910123
125.0,9.714050801365464e-05
126.0,7.236928468352697e-05
127.0,5.37707349358039e-05
128.0,3.984514831710987e-05
129.0,2.9447111849319182e-05
130.0,2.1704398117813036e-05
131.0,1.5954770843929466e-05
132.0,1.1696910789307557e-05
133.0,8.552430767473001e-06
134.0,6.2365691156185674e-06
135.0,4.535651679391995e-06
136.0,3.2898146723987896e-06
137.0,2.3798027072629083e-06
138.0,1.7169128779965811e-06
139.0,1.2353594589290388e-06
140.0,8.864948450047994e-07
141.0,6.344492188124733e-07
142.0,4.528509699742668e-07
143.0,3.2236769986063043e-07
144.0,2.2886823559427322e-07
145.0,1.6205308587297184e-07
146.0,1.1443710752785141e-07
147.0,8.059613614457834e-08
148.0,5.6610808093895285e-08
149.0,3.965722027784005e-08
150.0,2.770658296387901e-08
151.0,1.9305517550024536e-08
152.0,1.3415835138201809e-08
153.0,9.298047479313803e-09
154.0,6.426930287076908e-09
155.0,4.430504700163318e-09
156.0,3.046075032900632e-09
157.0,2.088650504113642e-09
158.0,1.428330586019186e-09
159.0,9.741581765484053e-10
160.0,6.626252893411863e-10
161.0,4.4951513257229367e-10
162.0,3.041294026795873e-10
163.0,2.0521555869729234e-10
164.0,1.3810199186388428e-10
165.0,9.268882646148872e-11
166.0,6.204297402015596e-11
167.0,4.141861899130515e-11
168.0,2.7576325957437414e-11
169.0,1.8311122850807276e-11
170.0,1.2126384418901324e-11
171.0,8.009132340981825e-12
172.0,5.2756671928747606e-12
173.0,3.4658287091493115e-12
174.0,2.270777496222728e-12
175.0,1.483815321817333e-12
176.0,9.669920503596942e-13
177.0,6.284977671391091e-13
178.0,4.074012501231468e-13
179.0,2.633775529913097e-13
180.0,1.6981378506322649e-13
181.0,1.0919554219481247e-13
182.0,7.002847335824537e-14
183.0,4.4790116411044e-14
184.0,2.8571135874337174e-14
185.0,1.817651439574449e-14
186.0,1.1532713036791832e-14
187.0,7.29776962900274e-15
188.0,4.6056040305250735e-15
189.0,2.8988171775074876e-15
190.0,1.8196708526666264e-15
191.0,1.1392069714605698e-15
192.0,7.112957474066926e-16
193.0,4.42930486367718e-16
194.0,2.750798109511658e-16
195.0,1.7038040411396826e-16
196.0,1.0524909098829107e-16
197.0,6.484176772351496e-17
198.0,3.9840898254080024e-17
199.0,2.441412589198298e-17
200.0,1.4920762609386842e-17
201.0,9.094496176221771e-18
202.0,5.528458469677359e-18
203.0,3.3517162203832787e-18
204.0,2.0266008180621844e-18
205.0,1.2221006328210306e-18
206.0,7.349935149474541e-19
207.0,4.408570886111956e-19
208.0,2.637241688019844e-19
209.0,1.5734024387967524e-19
210.0,9.361975249643427e-20
211.0,5.555625225210303e-20
212.0,3.2880330671585155e-20
213.0,1.9407839622741478e-20
214.0,1.1424994398393921e-20
215.0,6.707683768445858e-21
216.0,3.9275972433495456e-21
217.0,2.2936074795313814e-21
218.0,1.3358233441499747e-21
219.0,7.759196386400797e-22
220.0,4.494922853133101e-22
221.0,2.5969615724495456e-22
222.0,1.4963961677610094e-22
223.0,8.599346211826408e-23
224.0,4.928582875777798e-23
225.0,2.8171921934279655e-23
226.0,1.6060115772132623e-23
227.0,9.131006456490102e-24
228.0,5.177575147228284e-24
229.0,2.9280059498565467e-24
230.0,1.6514114129664234e-24
231.0,9.289158886874508e-25
232.0,5.211170513749333e-25
233.0,2.91562697252242e-25
234.0,1.6269208220111252e-25
235.0,9.05396181564026e-26
236.0,5.0251459802163976e-26
237.0,2.7816116033129155e-26
238.0,1.5356140569271305e-26
239.0,8.454841131066983e-27
240.0,4.642657082726394e-27
241.0,2.5425268334648527e-27
242.0,1.3886802731553293e-27
243.0,7.564439785273065e-28
244.0,4.1095006828636e-28
245.0,2.226584218737542e-28
246.0,1.2031699570846012e-28
247.0,6.484143453723785e-29
248.0,3.4851063289282704e-29
249.0,1.868173614073885e-29
250.0,9.9874867877125e-30
251.0,5.3251639663087666e-30
252.0,2.8317019134940423e-30
253.0,1.5017576979640282e-30
254.0,7.943099122749822e-31
