0.0,0.001881
1.0,0.002745
2.0,0.003980
3.0,0.005733
4.0,0.008204
5.0,0.011662
6.0,0.016469
7.0,0.023105
8.0,0.032203
9.0,0.044589
10.0,0.061334
11.0,0.083816
12.0,0.113788
13.0,0.153465
14.0,0.205621
15.0,0.273696
16.0,0.361923
17.0,0.475454
18.0,0.620505
19.0,0.804502
20.0,1.036223
21.0,1.325942
22.0,1.685546
23.0,2.128635
24.0,2.670587
25.0,3.328564
26.0,4.121468
27.0,5.069810
28.0,6.195498
29.0,7.521518
30.0,9.071510
31.0,10.869221
32.0,12.937848
33.0,15.299260
34.0,17.973125
35.0,20.975944
36.0,24.320035
37.0,28.012487
38.0,32.054123
39.0,36.438534
40.0,41.151215
41.0,46.168865
42.0,51.458901
43.0,56.979231
44.0,62.678332
45.0,68.495659
46.0,74.362406
47.0,80.202626
48.0,85.934690
49.0,91.473060
50.0,96.730330
51.0,101.619464
52.0,106.056160
53.0,109.961250
54.0,113.263039
55.0,115.899488
56.0,117.820156
57.0,118.987802
58.0,119.379583
59.0,119.238262
60.0,118.815301
61.0,118.113698
62.0,117.138408
63.0,115.896287
64.0,114.396013
65.0,112.647981
66.0,110.664185
67.0,108.458084
68.0,106.044445
69.0,103.439181
70.0,100.659178
71.0,97.722113
72.0,94.646263
73.0,91.450324
74.0,88.153222
75.0,84.773923
76.0,81.331266
77.0,77.843785
78.0,74.329551
79.0,70.806028
80.0,67.289936
81.0,63.797132
82.0,60.342507
83.0,56.939900
84.0,53.602027
85.0,50.340425
86.0,47.165420
87.0,44.086100
88.0,41.110317
89.0,38.244688
90.0,35.494623
91.0,32.864360
92.0,30.357007
93.0,27.974599
94.0,25.718164
95.0,23.587787
96.0,21.582691
97.0,19.701312
98.0,17.941381
99.0,16.300005
100.0,14.773750
101.0,13.358723
102.0,12.050645
103.0,10.844931
104.0,9.736759
105.0,8.721140
106.0,7.792974
107.0,6.947113
108.0,6.178409
109.0,5.481761
110.0,4.852155
111.0,4.284700
112.0,3.774656
113.0,3.317458
114.0,2.908738
115.0,2.544339
116.0,2.220325
117.0,1.932988
118.0,1.678855
119.0,1.454682
120.0,1.257460
121.0,1.084405
122.0,0.932954
123.0,0.800755
124.0,0.685663
125.0,0.585723
126.0,0.499167
127.0,0.424395
128.0,0.359969
129.0,0.304601
130.0,0.257140
131.0,0.216560
132.0,0.181953
133.0,0.152514
134.0,0.127536
135.0,0.106396
136.0,0.088550
137.0,0.073524
138.0,0.060902
139.0,0.050328
140.0,0.041492
141.0,0.034126
142.0,0.028001
143.0,0.022921
144.0,0.018718
145.0,0.015250
146.0,0.012395
147.0,0.010051
148.0,0.008130
149.0,0.006562
150.0,0.005283
151.0,0.004243
152.0,0.003400
153.0,0.002718
154.0,0.002168
155.0,0.001725
156.0,0.001369
157.0,0.001084
158.0,0.000856
159.0,0.000675
160.0,0.000531
161.0,0.000416
162.0,0.000326
163.0,0.000254
164.0,0.000198
165.0,0.000154
166.0,0.000119
167.0,0.000092
168.0,0.000071
169.0,0.000055
170.0,0.000042
171.0,0.000032
172.0,0.000025
173.0,0.000019
174.0,0.000014
175.0,0.000011
176.0,0.000008
177.0,0.000006
178.0,0.000005
179.0,0.000004
180.0,0.000003
181.0,0.000002
182.0,0.000001
183.0,0.000001
184.0,0.000001
185.0,0.000001
186.0,0.000000
187.0,0.000000
188.0,0.000000
189.0,0.000000
190.0,0.000000
191.0,0.000000
192.0,0.000000
193.0,0.000000
194.0,0.000000
195.0,0.000000
196.0,0.000000
197.0,0.000000
198.0,0.000000
199.0,0.000000
200.0,0.000000
201.0,0.000000
202.0,0.000000
203.0,0.000000
204.0,0.000000
205.0,0.000000
206.0,0.000000
207.0,0.000000
208.0,0.000000
209.0,0.000000
210.0,0.000000
211.0,0.000000
212.0,0.000000
213.0,0.000000
214.0,0.000000
215.0,0.000000
216.0,0.000000
217.0,0.000000
218.0,0.000000
219.0,0.000000
220.0,0.000000
221.0,0.000000
222.0,0.000000
223.0,0.000000
224.0,0.000000
225.0,0.000000
226.0,0.000000
227.0,0.000000
228.0,0.000000
229.0,0.000000
230.0,0.000000
231.0,0.000000
232.0,0.000000
233.0,0.000000
234.0,0.000000
235.0,0.000000
236.0,0.000000
237.0,0.000000
238.0,0.000000
239.0,0.000000
240.0,0.000000
241.0,0.000000
242.0,0.000000
243.0,0.000000
244.0,0.000000
245.0,0.000000
246.0,0.000000
247.0,0.000000
248.0,0.000000
249.0,0.000000
250.0,0.000000
251.0,0.000000
252.0,0.000000
253.0,0.000000
254.0,0.000000
