0.0,0.8532170086620331
1.0,0.8540812348183945
2.0,0.8553162355279027
3.0,0.8570689745786773
4.0,0.8595394049933485
5.0,0.8629974295445202
6.0,0.8678044734047476
7.0,0.8744406330554575
8.0,0.8835384692790806
9.0,0.8959245926128068
10.0,0.9126702318199619
11.0,0.9351519631375771
12.0,0.9652017653330628
13.0,1.2304570465406193
14.0,46.758634226936465
15.0,649.8782251719426
16.0,903.0594074102671
17.0,900.7581646283445
18.0,896.0975901912414
19.0,889.1235012397686
20.0,879.9016070489979
21.0,868.5168934089977
22.0,855.0727624910751
23.0,839.6899364311272
24.0,822.5051350791971
25.0,803.6695403280999
26.0,783.3470612272608
27.0,761.7124158212503
28.0,738.9490474547351
29.0,715.2468952915735
30.0,690.800041131377
31.0,665.8042573718724
32.0,640.4544842159814
33.0,614.9422679546084
34.0,589.4531962913584
35.0,564.1643710519695
36.0,539.2419629908794
37.0,514.8388974403383
38.0,491.09272284634005
39.0,468.12371635791067
40.0,446.0332811255614
41.0,424.90268838850216
42.0,404.7922134220385
43.0,385.7407077188509
44.0,367.76564028188704
45.0,350.86362868521115
46.0,335.0114658882635
47.0,320.1676321543939
48.0,306.27426351174245
49.0,293.25952986040306
50.0,281.04035805677466
51.0,269.5254191411543
52.0,258.61828535774356
53.0,248.22065270206568
54.0,238.23551921230236
55.0,228.57020866004083
56.0,219.1391339679984
57.0,209.86620454139737
58.0,200.6867963666179
59.0,191.79968209706058
60.0,183.41080746816644
61.0,175.4767500276097
62.0,167.95571158730232
63.0,160.80796843756855
64.0,153.99623916640505
65.0,147.48597163805076
66.0,141.24555204127407
67.0,135.246440092852
68.0,129.4632354675016
69.0,123.87368131890403
70.0,118.45861135890394
71.0,113.20184737906074
72.0,108.09005433961703
73.0,103.11256022776672
74.0,98.26114781438027
75.0,93.52982523242294
76.0,88.91458197877691
77.0,84.41313652236681
78.0,80.02468120393199
79.0,75.74962955481917
80.0,71.58937056151329
81.0,67.5460337760811
82.0,63.622268535853976
83.0,59.82103992269893
84.0,56.145443475694094
85.0,52.59854008183848
86.0,49.18321191672969
87.0,45.90203979832708
88.0,42.757201857641434
89.0,39.750393024446126
90.0,36.88276447630905
91.0,34.15488190636218
92.0,31.5667012289046
93.0,29.117560160652438
94.0,26.80618398668644
95.0,24.630703740536372
96.0,22.58868499335127
97.0,20.677165453188845
98.0,18.892699617223894
99.0,17.23140879202451
100.0,15.689034894812531
101.0,14.26099656670034
102.0,12.942446262334803
103.0,11.728327124490804
104.0,10.613428602582418
105.0,9.592439926833716
106.0,8.660000701440145
107.0,7.810748027387842
108.0,7.039359706090642
109.0,6.340593206540713
110.0,5.709320199604733
111.0,5.140556572237127
112.0,4.62948793094807
113.0,4.171490687463258
114.0,3.762148890095231
115.0,3.397267022161656
116.0,3.0728790343388157
117.0,2.7852539118406305
118.0,2.5308981006407216
119.0,2.306555130602872
120.0,2.1092027784292293
121.0,1.936048110894021
122.0,1.784520740031577
123.0,1.652264607900514
124.0,1.5371286003179714
125.0,1.4371562675531049
126.0,1.3505749063149017
127.0,1.2757842323044344
128.0,1.2113448468693313
129.0,1.1559666755429352
130.0,1.1084975310174157
131.0,1.067911928836894
132.0,1.0333002611584963
133.0,1.0038584125844916
134.0,0.9788778825062955
135.0,0.9577364607389771
136.0,0.939889487518548
137.0,0.924861715185864
138.0,0.9122397770480786
139.0,0.9016652589128683
140.0,0.8928283605258236
141.0,0.8854621274805691
142.0,0.8793372289736029
143.0,0.8742572528926846
144.0,0.8700544870070359
145.0,0.8665861533190106
146.0,0.863731061794239
147.0,0.8613866495718934
148.0,0.8594663722392771
149.0,0.8578974147167966
150.0,0.8566186906334438
151.0,0.8555791006840906
152.0,0.854736022265038
153.0,0.8540540046118725
154.0,0.8535036456534127
155.0,0.8530606287973648
156.0,0.8527048998368136
157.0,0.8524199660799863
158.0,0.8521923016345994
159.0,0.8520108445050082
160.0,0.8518665727734338
161.0,0.8517521486287813
162.0,0.8516616203749332
163.0,0.8515901737951268
164.0,0.8515339253728726
165.0,0.8514897508775352
166.0,0.8514551437203037
167.0,0.8514280982809388
168.0,0.8514070141050634
169.0,0.8513906174838756
170.0,0.8513778974610132
171.0,0.8513680537727748
172.0,0.851360454625576
173.0,0.8513546025555707
174.0,0.8513501069064949
175.0,0.8513466617091807
176.0,0.8513440279554825
177.0,0.851342019435666
178.0,0.8513404914562075
179.0,0.8513393318784976
180.0,0.851338454021751
181.0,0.8513377910586086
182.0,0.8513372916022621
183.0,0.8513369162417588
184.0,0.8513366348295399
185.0,0.8513364243639439
186.0,0.8513362673408624
187.0,0.8513361504742321
188.0,0.8513360637056291
189.0,0.8513359994397945
190.0,0.8513359519562036
191.0,0.8513359169573997
192.0,0.8513358912232709
193.0,0.8513358723471509
194.0,0.8513358585349355
195.0,0.8513358484525881
196.0,0.8513358411106956
197.0,0.8513358357773125
198.0,0.8513358319123414
199.0,0.8513358291182619
200.0,0.851335827103236
201.0,0.8513358256535559
202.0,0.851335824613124
203.0,0.851335823868211
204.0,0.8513358233361668
205.0,0.8513358229570779
206.0,0.8513358226876235
207.0,0.8513358224965586
208.0,0.8513358223614047
209.0,0.8513358222660312
210.0,0.8513358221988916
211.0,0.8513358221517414
212.0,0.8513358221187091
213.0,0.8513358220956231
214.0,0.8513358220795273
215.0,0.8513358220683321
216.0,0.8513358220605644
217.0,0.8513358220551877
218.0,0.8513358220514748
219.0,0.8513358220489172
220.0,0.8513358220471596
221.0,0.8513358220459547
222.0,0.8513358220451306
223.0,0.8513358220445684
224.0,0.8513358220441858
225.0,0.851335822043926
226.0,0.8513358220437499
227.0,0.8513358220436311
228.0,0.851335822043551
229.0,0.851335822043497
230.0,0.8513358220434608
231.0,0.8513358220434366
232.0,0.8513358220434204
233.0,0.8513358220434097
234.0,0.8513358220434025
235.0,0.8513358220433977
236.0,0.8513358220433946
237.0,0.8513358220433926
238.0,0.8513358220433912
239.0,0.8513358220433903
240.0,0.8513358220433898
241.0,0.8513358220433893
242.0,0.8513358220433891
243.0,0.8513358220433889
244.0,0.8513358220433889
245.0,0.8513358220433888
246.0,0.8513358220433886
247.0,0.8513358220433886
248.0,0.8513358220433886
249.0,0.8513358220433886
250.0,0.8513358220433886
251.0,0.8513358220433886
252.0,0.8513358220433886
253.0,0.8513358220433886
254.0,0.8513358220433886
