0.0,1.5181408922846908e-164
1.0,3.018791238018832e-154
2.0,2.81470568397304e-144
3.0,1.2305855368301246e-134
4.0,2.522722785821003e-125
5.0,2.4249688278814064e-116
6.0,1.0930038650702311e-107
7.0,2.310022139051256e-99
8.0,2.289230342589307e-91
9.0,1.063755337284697e-83
10.0,2.317783771089222e-76
11.0,2.3680070454488685e-69
12.0,1.1344150244263912e-62
13.0,2.548237229110044e-56
14.0,2.6840255764579313e-50
15.0,1.3255995580178812e-44
16.0,3.0698486068648946e-39
17.0,3.333500103577195e-34
18.0,1.6973167405389453e-29
19.0,4.05232457558707e-25
20.0,4.536537018986073e-21
21.0,2.3813520354139366e-17
22.0,5.861403937502105e-14
23.0,6.764856811975491e-11
24.0,3.660955689416891e-08
25.0,9.289861585841457e-06
26.0,0.001105357904269869
27.0,0.061670221189458446
28.0,1.613344073365485
29.0,19.790528724916893
30.0,113.8326124489158
31.0,307.01169261152126
32.0,393.5801309132171
33.0,392.69437515834676
34.0,390.5333177268497
35.0,387.11802804138824
36.0,382.48164479713313
37.0,376.6688406427724
38.0,369.73510562716075
39.0,361.74586548393927
40.0,352.77545434268785
41.0,342.9059644126103
42.0,332.2259975070259
43.0,320.8293449095148
44.0,308.8136229942217
45.0,296.27889219625223
46.0,283.32628639947376
47.0,270.0566786068251
48.0,256.5694069410532
49.0,242.96108266767695
50.0,229.32449912699678
51.0,215.7476573085627
52.0,202.31292040643262
53.0,189.09630616591656
54.0,176.16692227981866
55.0,163.58654661675794
56.0,151.4093507597793
57.0,139.68176228278014
58.0,128.4424584645288
59.0,117.72248178966382
60.0,107.5454656517645
61.0,97.92795717822877
62.0,88.8798230476796
63.0,80.40472356084523
64.0,72.50064003515331
65.0,65.16044079020608
66.0,58.37247153521042
67.0,52.12115681268298
68.0,46.38760024297297
69.0,41.15017259650319
70.0,36.385078139893274
71.0,32.06689120460862
72.0,28.16905646195292
73.0,24.6643479101216
74.0,21.52528304726434
75.0,18.724490084983117
76.0,16.23502732204233
77.0,14.03065492774321
78.0,12.086060364540769
79.0,10.377039502488486
80.0,8.880636142156403
81.0,7.575243171009521
82.0,6.440668938348972
83.0,5.458172656738909
84.0,4.610472736891001
85.0,3.881731953555806
86.0,3.2575232383902852
87.0,2.7247797186721714
88.0,2.2717323844823607
89.0,1.8878384871749356
90.0,1.5637034630404292
91.0,1.2909988510312613
92.0,1.0623783436097614
93.0,0.8713937848081785
94.0,0.7124126173031349
95.0,0.5805379868309604
96.0,0.4715324421105143
97.0,0.38174592461779056
98.0,0.3080485267754359
99.0,0.24776830994905724
100.0,0.19863431470435308
101.0,0.1587247639409057
102.0,0.1264203530680849
103.0,0.10036243820170945
104.0,0.07941587104847173
105.0,0.0626361851843492
106.0,0.04924081027118908
107.0,0.038583975899430044
108.0,0.03013496282833477
109.0,0.023459364227853316
110.0,0.018203031126728626
111.0,0.014078392885521582
112.0,0.010852863620944425
113.0,0.008339067820805266
114.0,0.006386641839938851
115.0,0.004875391695535432
116.0,0.0037096109108346697
117.0,0.002813384580301112
118.0,0.002126726981695518
119.0,0.0016024196970748459
120.0,0.0012034351825666032
121.0,0.0009008469839273951
122.0,0.0006721423332997479
123.0,0.0004998657323466423
124.0,0.0003705334130658287
125.0,0.000273768378675333
126.0,0.0002016141859779409
127.0,0.00014799286744123354
128.0,0.00010827853690151908
129.0,7.89634051500369e-05
130.0,5.739727221393633e-05
131.0,4.158517502926587e-05
132.0,3.0030855885777557e-05
133.0,2.1616171710057554e-05
134.0,1.5508569792043102e-05
135.0,1.1090384713979842e-05
136.0,7.905027225887699e-06
137.0,5.616193001677638e-06
138.0,3.977063942396347e-06
139.0,2.8071461144896888e-06
140.0,1.9749193241911734e-06
141.0,1.384891008413128e-06
142.0,9.679740783598072e-07
143.0,6.74363032212497e-07
144.0,4.682800733499059e-07
145.0,3.241152728785284e-07
146.0,2.2360175624219256e-07
147.0,1.537562647435856e-07
148.0,1.0538342888558654e-07
149.0,7.199357268848892e-08
150.0,4.902267690147298e-08
151.0,3.327225335211555e-08
152.0,2.2508642417111794e-08
153.0,1.5177431620106954e-08
154.0,1.0200680934256385e-08
155.0,6.8334801585081125e-09
156.0,4.562854366525042e-09
157.0,3.036778897724939e-09
158.0,2.0145202338891474e-09
159.0,1.3320238172379868e-09
160.0,8.77878155257224e-10
161.0,5.766846477867682e-10
162.0,3.7759343354633795e-10
163.0,2.464293162087265e-10
164.0,1.6030320531362267e-10
165.0,1.0393789958745506e-10
166.0,6.717188900490811e-11
167.0,4.326962015415409e-11
168.0,2.7781807600916965e-11
169.0,1.7779510974417644e-11
170.0,1.1341252491128959e-11
171.0,7.210811166529147e-12
172.0,4.56971506606837e-12
173.0,2.886529604072175e-12
174.0,1.8173760730668804e-12
175.0,1.1405005304018841e-12
176.0,7.133917337557456e-13
177.0,4.447772337843759e-13
178.0,2.764005620356056e-13
179.0,1.7120529396127277e-13
180.0,1.0570057580200682e-13
181.0,6.504582286803453e-14
182.0,3.9897287173742615e-14
183.0,2.4392101406798054e-14
184.0,1.4864043328149615e-14
185.0,9.028312933461081e-15
186.0,5.4658554324006434e-15
187.0,3.298310772372716e-15
188.0,1.9838411809751824e-15
189.0,1.1893347951055798e-15
190.0,7.106949736026886e-16
191.0,4.232960916666031e-16
192.0,2.5129692182691195e-16
193.0,1.4870034452219996e-16
194.0,8.770385359969701e-17
195.0,5.155933094534705e-17
196.0,3.021188101977661e-17
197.0,1.7645344990113047e-17
198.0,1.0272222966224866e-17
199.0,5.9604715142173235e-18
200.0,3.4472969220653124e-18
201.0,1.987278170512986e-18
202.0,1.1418801620008254e-18
203.0,6.539797328258449e-19
204.0,3.73327469554796e-19
205.0,2.124210246031443e-19
206.0,1.2047222948299976e-19
207.0,6.810175302958759e-20
208.0,3.8371743326851434e-20
209.0,2.154996979190444e-20
210.0,1.2063232444150267e-20
211.0,6.730737019774248e-21
212.0,3.74320354945935e-21
213.0,2.0749429539724807e-21
214.0,1.1464385311754935e-21
215.0,6.313603181345779e-22
216.0,3.4656578655155206e-22
217.0,1.8961643882548822e-22
218.0,1.034065814616454e-22
219.0,5.620853570537121e-23
220.0,3.0453573263318867e-23
221.0,1.6445842986244505e-23
222.0,8.852295789330324e-24
223.0,4.749387335889833e-24
224.0,2.5398095880727108e-24
225.0,1.3537754135431147e-24
226.0,7.192402479335605e-25
227.0,3.8087567532669307e-25
228.0,2.0103625621909817e-25
229.0,1.0576632985789332e-25
230.0,5.546287476748796e-26
231.0,2.8989399133669457e-26
232.0,1.5102816538390824e-26
233.0,7.842573100664311e-27
234.0,4.059206073090904e-27
235.0,2.0941390698411954e-27
236.0,1.0768416249791055e-27
237.0,5.519249736951702e-28
238.0,2.8196172060570447e-28
239.0,1.4357610060553985e-28
240.0,7.287122188588644e-29
241.0,3.686479684222696e-29
242.0,1.8588722050511084e-29
243.0,9.342629318195941e-30
244.0,4.680266659555892e-30
245.0,2.3369744983294583e-30
246.0,1.1631058613242465e-30
247.0,5.769875083686491e-31
248.0,2.8529586230300535e-31
249.0,1.4060683442175228e-31
250.0,6.907156306968951e-32
251.0,3.382003346081167e-32
252.0,1.6505575724256772e-32
253.0,8.029143454116982e-33
254.0,3.893047054285805e-33
