0.0,0.000559
1.0,0.000757
2.0,0.001022
3.0,0.001374
4.0,0.001840
5.0,0.002453
6.0,0.003258
7.0,0.004310
8.0,0.005678
9.0,0.007451
10.0,0.009737
11.0,0.012674
12.0,0.016431
13.0,0.021215
14.0,0.027283
15.0,0.034944
16.0,0.044577
17.0,0.056637
18.0,0.071670
19.0,0.090328
20.0,0.113386
21.0,0.141758
22.0,0.176516
23.0,0.218913
24.0,0.270401
25.0,0.332656
26.0,0.407598
27.0,0.497415
28.0,0.604583
29.0,0.731886
30.0,0.882431
31.0,1.059663
32.0,1.267374
33.0,1.509705
34.0,1.791138
35.0,2.116490
36.0,2.490883
37.0,2.919716
38.0,3.408613
39.0,3.963372
40.0,4.589887
41.0,5.294063
42.0,6.081718
43.0,6.958464
44.0,7.929586
45.0,8.999900
46.0,10.173604
47.0,11.454126
48.0,12.843965
49.0,14.344527
50.0,15.955977
51.0,17.677080
52.0,19.505077
53.0,21.435559
54.0,23.462375
55.0,25.577560
56.0,27.771303
57.0,30.031941
58.0,32.345997
59.0,34.698260
60.0,37.071899
61.0,39.448635
62.0,41.808937
63.0,44.132271
64.0,46.397376
65.0,48.582580
66.0,50.666128
67.0,52.626546
68.0,54.442995
69.0,56.095647
70.0,57.566034
71.0,58.837397
72.0,59.895005
73.0,60.726430
74.0,61.321801
75.0,61.673990
76.0,61.778761
77.0,61.634850
78.0,61.243992
79.0,60.610888
80.0,59.743105
81.0,58.650935
82.0,57.347184
83.0,55.846922
84.0,54.167201
85.0,52.326724
86.0,50.345504
87.0,48.244504
88.0,46.045267
89.0,43.769557
90.0,41.439003
91.0,39.074772
92.0,36.697257
93.0,34.325807
94.0,31.978487
95.0,29.671880
96.0,27.420932
97.0,25.238839
98.0,23.136972
99.0,21.124852
100.0,19.210153
101.0,17.398747
102.0,15.694776
103.0,14.100752
104.0,12.617678
105.0,11.245185
106.0,9.981683
107.0,8.824516
108.0,7.770126
109.0,6.814205
110.0,5.951855
111.0,5.177732
112.0,4.486180
113.0,3.871363
114.0,3.327369
115.0,2.848316
116.0,2.428428
117.0,2.062113
118.0,1.744013
119.0,1.469051
120.0,1.232463
121.0,1.029819
122.0,0.857034
123.0,0.710371
124.0,0.586439
125.0,0.482181
126.0,0.394863
127.0,0.322058
128.0,0.261620
129.0,0.211670
130.0,0.170567
131.0,0.136893
132.0,0.109426
133.0,0.087118
134.0,0.069079
135.0,0.054555
136.0,0.042911
137.0,0.033617
138.0,0.026230
139.0,0.020384
140.0,0.015777
141.0,0.012162
142.0,0.009338
143.0,0.007140
144.0,0.005438
145.0,0.004125
146.0,0.003117
147.0,0.002345
148.0,0.001758
149.0,0.001312
150.0,0.000975
151.0,0.000722
152.0,0.000533
153.0,0.000391
154.0,0.000286
155.0,0.000208
156.0,0.000151
157.0,0.000109
158.0,0.000079
159.0,0.000056
160.0,0.000040
161.0,0.000029
162.0,0.000020
163.0,0.000014
164.0,0.000010
165.0,0.000007
166.0,0.000005
167.0,0.000003
168.0,0.000002
169.0,0.000002
170.0,0.000001
171.0,0.000001
172.0,0.000001
173.0,0.000000
174.0,0.000000
175.0,0.000000
176.0,0.000000
177.0,0.000000
178.0,0.000000
179.0,0.000000
180.0,0.000000
181.0,0.000000
182.0,0.000000
183.0,0.000000
184.0,0.000000
185.0,0.000000
186.0,0.000000
187.0,0.000000
188.0,0.000000
189.0,0.000000
190.0,0.000000
191.0,0.000000
192.0,0.000000
193.0,0.000000
194.0,0.000000
195.0,0.000000
196.0,0.000000
197.0,0.000000
198.0,0.000000
199.0,0.000000
200.0,0.000000
201.0,0.000000
202.0,0.000000
203.0,0.000000
204.0,0.000000
205.0,0.000000
206.0,0.000000
207.0,0.000000
208.0,0.000000
209.0,0.000000
210.0,0.000000
211.0,0.000000
212.0,0.000000
213.0,0.000000
214.0,0.000000
215.0,0.000000
216.0,0.000000
217.0,0.000000
218.0,0.000000
219.0,0.000000
220.0,0.000000
221.0,0.000000
222.0,0.000000
223.0,0.000000
224.0,0.000000
225.0,0.000000
226.0,0.000000
227.0,0.000000
228.0,0.000000
229.0,0.000000
230.0,0.000000
231.0,0.000000
232.0,0.000000
233.0,0.000000
234.0,0.000000
235.0,0.000000
236.0,0.000000
237.0,0.000000
238.0,0.000000
239.0,0.000000
240.0,0.000000
241.0,0.000000
242.0,0.000000
243.0,0.000000
244.0,0.000000
245.0,0.000000
246.0,0.000000
247.0,0.000000
248.0,0.000000
249.0,0.000000
250.0,0.000000
251.0,0.000000
252.0,0.000000
253.0,0.000000
254.0,0.000000
