0.0,1.8563310359425516
1.0,1.8565295207945425
2.0,1.8567943700611627
3.0,1.8571462887624453
4.0,1.8576119348214095
5.0,1.8582254669217595
6.0,1.859030445061366
7.0,1.8600821499321412
8.0,1.8614503957979767
9.0,1.863222920150693
10.0,1.865509441762651
11.0,1.868446486389435
12.0,1.8722030857653191
13.0,1.8769874600225611
14.0,1.8830547954810717
15.0,1.8907162280122707
16.0,1.9003491358914881
17.0,1.9124088341442569
18.0,1.927441743735388
19.0,1.9461000824034125
20.0,1.9691580884028452
21.0,1.997529742882921
22.0,2.0322879002863066
23.0,2.074684668515518
24.0,2.1261728374470508
25.0,2.1884370627728353
26.0,2.2644754716019615
27.0,2.414857675275867
28.0,4.073699710496764
29.0,22.378186841087835
30.0,116.5708151966398
31.0,309.9271275843468
32.0,396.7032771916703
33.0,396.05985190473626
34.0,394.18022816415623
35.0,391.0902903717892
36.0,386.8283003481244
37.0,381.44432832004145
38.0,374.99949065650213
39.0,367.56500949812056
40.0,359.2211131755755
41.0,350.0557995661056
42.0,340.1634872197497
43.0,329.643581139431
44.0,318.59898148345195
45.0,307.13456415804944
46.0,295.3556622840346
47.0,283.36657687692184
48.0,271.26914381323763
49.0,259.1613823208051
50.0,247.13624789392117
51.0,235.2805097712124
52.0,223.67377000682106
53.0,212.3876378004226
54.0,201.48506921540996
55.0,191.01987879304727
56.0,181.036425945719
57.0,171.56947546174766
58.0,162.64422804841556
59.0,154.27651364238054
60.0,146.47313728337193
61.0,139.23236472556678
62.0,132.54453269090055
63.0,126.39276678118603
64.0,120.75378858480984
65.0,115.59879245467259
66.0,110.89437180506185
67.0,106.60347457690261
68.0,102.68636774648024
69.0,99.10159138802652
70.0,95.80688382386238
71.0,92.7600607781794
72.0,89.91983315596647
73.0,87.24655005423415
74.0,84.70285582949073
75.0,82.25425243885752
76.0,79.86956078331154
77.0,77.52127734821724
78.0,75.18582499484869
79.0,72.84369924343608
80.0,70.47951374181926
81.0,68.08195077640141
82.0,65.64362460193135
83.0,63.160866999448984
84.0,60.63344578237274
85.0,58.0642279344093
86.0,55.45879966614476
87.0,52.825055917855245
88.0,50.17277172382681
89.0,47.51316740888126
90.0,44.85847884148135
91.0,42.22154295899171
92.0,39.61540755557217
93.0,37.05297293290203
94.0,34.546671512422094
95.0,32.10818994964118
96.0,29.748236729447672
97.0,27.47635670605417
98.0,25.300792626850015
99.0,23.228392384209137
100.0,21.264559603845004
101.0,19.413244225099735
102.0,17.67696897167171
103.0,16.056887056521308
104.0,14.552866110051408
105.0,13.163593157128911
106.0,11.886695481082915
107.0,10.718872381654883
108.0,9.656033135610546
109.0,8.693436877737172
110.0,7.8258306096519785
111.0,7.047582087841285
112.0,6.3528049154660176
113.0,5.735473741622392
114.0,5.18952803660352
115.0,4.708963445148566
116.0,4.287910208050121
117.0,3.920698575733874
118.0,3.6019115089136333
119.0,3.3264252677884274
120.0,3.0894387320235186
121.0,2.886492470973617
122.0,2.713478701326858
123.0,2.566643333187497
124.0,2.442581322269518
125.0,2.338226522674393
126.0,2.250837179242239
127.0,2.1779781181574567
128.0,2.1175005964301117
129.0,2.0675206615317734
130.0,2.026396757552847
131.0,1.9927071986350766
132.0,1.9652280181003796
133.0,1.942911595751069
134.0,1.9248663685289658
135.0,1.9103378426022803
136.0,1.8986910488383302
137.0,1.8893945187861498
138.0,1.882005804540184
139.0,1.8761585226282316
140.0,1.8715508685444036
141.0,1.8679355237371797
142.0,1.8651108596721742
143.0,1.8629133328940708
144.0,1.86121095970579
145.0,1.8598977581162297
146.0,1.8588890471173825
147.0,1.8581174982770725
148.0,1.8575298413275827
149.0,1.8570841332606791
150.0,1.8567475088857355
151.0,1.8564943394544517
152.0,1.856304734483038
153.0,1.8561633300745042
154.0,1.8560583146956242
155.0,1.855980650390887
156.0,1.8559234537634417
157.0,1.855881506702904
158.0,1.8558508718027573
159.0,1.8558285917175534
160.0,1.8558124554076225
161.0,1.8558008173604823
162.0,1.855792458521585
163.0,1.8557864798711972
164.0,1.8557822214062625
165.0,1.8557792007798453
166.0,1.8557770670656555
167.0,1.8557755660957436
168.0,1.8557745146050748
169.0,1.855773781041598
170.0,1.855773271394064
171.0,1.8557729187771206
172.0,1.8557726758150448
173.0,1.8557725090992019
174.0,1.855772395174132
175.0,1.8557723176446776
176.0,1.8557722651010484
177.0,1.8557722296376618
178.0,1.855772205800858
179.0,1.8557721898448467
180.0,1.8557721792080715
181.0,1.8557721721464289
182.0,1.8557721674775525
183.0,1.855772164403363
184.0,1.8557721623874985
185.0,1.8557721610710467
186.0,1.855772160214872
187.0,1.8557721596603303
188.0,1.8557721593026284
189.0,1.855772159072842
190.0,1.8557721589258334
191.0,1.8557721588321683
192.0,1.8557721587727345
193.0,1.8557721587351765
194.0,1.8557721587115394
195.0,1.8557721586967242
196.0,1.8557721586874765
197.0,1.8557721586817277
198.0,1.8557721586781686
199.0,1.8557721586759741
200.0,1.8557721586746265
201.0,1.8557721586738025
202.0,1.8557721586733005
203.0,1.855772158672996
204.0,1.8557721586728122
205.0,1.8557721586727014
206.0,1.855772158672635
207.0,1.8557721586725955
208.0,1.855772158672572
209.0,1.8557721586725582
210.0,1.85577215867255
211.0,1.855772158672545
212.0,1.8557721586725422
213.0,1.8557721586725406
214.0,1.8557721586725398
215.0,1.855772158672539
216.0,1.8557721586725389
217.0,1.8557721586725386
218.0,1.8557721586725386
219.0,1.8557721586725386
220.0,1.8557721586725384
221.0,1.8557721586725384
222.0,1.8557721586725384
223.0,1.8557721586725384
224.0,1.8557721586725384
225.0,1.8557721586725384
226.0,1.8557721586725384
227.0,1.8557721586725384
228.0,1.8557721586725384
229.0,1.8557721586725384
230.0,1.8557721586725384
231.0,1.8557721586725384
232.0,1.8557721586725384
233.0,1.8557721586725384
234.0,1.8557721586725384
235.0,1.8557721586725384
236.0,1.8557721586725384
237.0,1.8557721586725384
238.0,1.8557721586725384
239.0,1.8557721586725384
240.0,1.8557721586725384
241.0,1.8557721586725384
242.0,1.8557721586725384
243.0,1.8557721586725384
244.0,1.8557721586725384
245.0,1.8557721586725384
246.0,1.8557721586725384
247.0,1.8557721586725384
248.0,1.8557721586725384
249.0,1.8557721586725384
250.0,1.8557721586725384
251.0,1.8557721586725384
252.0,1.8557721586725384
253.0,1.8557721586725384
254.0,1.8557721586725384
