2377.418322246943,3.329167259755541
2377.5183222469427,3.3292222020632964
2377.6183222469426,3.329292603479986
2377.7183222469425,3.329382371272715
2377.8183222469424,3.3294962701747113
2377.9183222469424,3.329640074948394
2378.0183222469423,3.3298207409741
2378.118322246942,3.3300465927158287
2378.218322246942,3.3303275292208148
2378.318322246942,3.330675244954362
2378.418322246942,3.331103463250207
2378.518322246942,3.3316281784720467
2378.6183222469417,3.332267901645143
2378.7183222469416,3.3330439028502985
2378.8183222469415,3.3339804421106742
2378.9183222469414,3.3351049788931117
2379.0183222469414,3.3364483487525325
2379.1183222469413,3.3380448941474525
2379.218322246941,3.339932535137069
2379.318322246941,3.3421527646375386
2379.418322246941,3.3447505522771643
2379.518322246941,3.347774140761586
2379.618322246941,3.3512747191537593
2379.7183222469407,3.3553059586945455
2379.8183222469406,3.359923398828083
2379.9183222469405,3.365183674018163
2380.0183222469404,3.3711435757827743
2380.1183222469404,3.377858949129508
2380.2183222469403,3.3853834281941175
2380.31832224694,3.3937670222660223
2380.41832224694,3.403054570370628
2380.51832224694,3.4132840899561465
2380.61832224694,3.4244850527360784
2380.71832224694,3.4366766280548036
2380.8183222469397,3.4498659409225967
2380.9183222469396,3.464046397734141
2381.0183222469395,3.479196137260468
2381.1183222469394,3.495276667420019
2381.2183222469394,3.5122317492559043
2381.3183222469393,3.5299865881949533
2381.418322246939,3.5484473888388273
2381.518322246939,3.567501323134156
2381.618322246939,3.587016952796266
2381.718322246939,3.6068451354528053
2381.818322246939,3.6268204303921516
2381.9183222469387,3.6467630044376524
2382.0183222469386,3.6664810218319532
2382.1183222469385,3.6857734847174743
2382.2183222469384,3.704433473529348
2382.3183222469384,3.7222517201135745
2382.4183222469383,3.7390204313967006
2382.518322246938,3.7545372686896483
2382.618322246938,3.768609377868981
2382.718322246938,3.781057359303642
2382.818322246938,3.791719063908005
2382.918322246938,3.8004531033634077
2383.0183222469377,3.807141968437067
2383.1183222469376,3.8116946593223866
2383.2183222469375,3.8140487457173333
2383.3183222469374,3.8143488163493102
2383.4183222469374,3.81392383351085
2383.5183222469373,3.8130503026922895
2383.618322246937,3.8117306491476093
2383.718322246937,3.8099685311973848
2383.818322246937,3.807768823331485
2383.918322246937,3.805137593742619
2384.018322246937,3.8020820764356418
2384.1183222469367,3.798610638092041
2384.2183222469366,3.7947327399020017
2384.3183222469365,3.7904588946077364
2384.4183222469364,3.785800619030995
2384.5183222469363,3.7807703823847185
2384.6183222469363,3.7753815506934076
2384.718322246936,3.7696483276687824
2384.818322246936,3.7635856924066364
2384.918322246936,3.7572093342873627
2385.018322246936,3.7505355854766673
2385.118322246936,3.7435813514349863
2385.2183222469357,3.736364039855527
2385.3183222469356,3.7289014884647695
2385.4183222469355,3.7212118921425827
2385.5183222469354,3.7133137298660785
2385.6183222469353,3.7052256920807674
2385.7183222469353,3.6969666093105005
2385.818322246935,3.688555383239248
2385.918322246935,3.6800109223230026
2386.018322246935,3.671352085548463
2386.118322246935,3.662597640792983
2386.218322246935,3.6537662492192817
2386.3183222469347,3.6448764955421944
2386.4183222469346,3.6359469976169003
2386.5183222469345,3.626996649883895
2386.6183222469344,3.6180450862846016
2386.7183222469343,3.609113491515318
2386.8183222469343,3.6002259456365064
2386.918322246934,3.5914115535677973
2387.018322246934,3.5827076796571706
2387.118322246934,3.574164661639841
2387.218322246934,3.5658523904247286
2387.318322246934,3.5578690733779332
2387.4183222469337,3.5503523016809613
2387.5183222469336,3.5434921691424064
2387.6183222469335,3.5375456071381195
2387.7183222469334,3.532850309987832
2387.8183222469333,3.5298356879360377
2387.9183222469333,3.529027341177253
2388.018322246933,3.5310408246924028
2388.118322246933,3.5365602666265703
2388.218322246933,3.54629803080994
2388.318322246933,3.560933335913583
2388.418322246933,3.581030656755878
2388.5183222469327,3.606942671594556
2388.6183222469326,3.6387069892849606
2388.7183222469325,3.675950078527045
2388.8183222469324,3.717814701092537
2388.9183222469323,3.762927687646676
2389.0183222469323,3.8094223209474745
2389.118322246932,3.85502368231709
2389.218322246932,3.8971965859272006
2389.318322246932,3.933345452975118
2389.418322246932,3.961045538140744
2389.518322246932,3.9782774082578567
2389.6183222469317,3.983633312067017
2389.7183222469316,3.97812604992564
2389.8183222469315,3.9662037004932955
2389.9183222469314,3.9483645027158065
2390.0183222469313,3.9250555810909047
2390.1183222469313,3.896894327212368
2390.218322246931,3.864635619811699
2390.318322246931,3.8291329611173213
2390.418322246931,3.791296303652514
2390.518322246931,3.75204944775008
2390.618322246931,3.712289745896647
2390.7183222469307,3.67285248449601
2390.8183222469306,3.634481777074927
2390.9183222469305,3.5978091597050064
2391.0183222469304,3.5633403993740647
2391.1183222469303,3.5314503761738982
2391.2183222469303,3.5023853372276323
2391.31832224693,3.476271385533556
2391.41832224693,3.4531277833983864
2391.51832224693,3.4328835224934164
2391.61832224693,3.415395629054401
2391.71832224693,3.400467808998118
2391.8183222469297,3.387868261430144
2391.9183222469296,3.3773457647602863
2392.0183222469295,3.368643433309352
2392.1183222469294,3.3615098245047847
2392.2183222469293,3.3557073251128364
2392.3183222469293,3.3510179449753603
2392.418322246929,3.3472467917402398
2392.518322246929,3.3442235902064588
2392.618322246929,3.3418026504732556
2392.718322246929,3.339861688831767
2392.818322246929,3.3382998746796013
2392.9183222469287,3.337035426253186
2393.0183222469286,3.336003017272875
2393.1183222469285,3.335151193605552
2393.2183222469284,3.3344399396663693
2393.3183222469283,3.333838482358469
2393.4183222469283,3.333323377908481
2393.518322246928,3.332876894535793
2393.618322246928,3.332485680957077
2393.718322246928,3.3321396960538823
2393.818322246928,3.3318313670590443
2393.918322246928,3.331554940711759
2394.0183222469277,3.3313059924668584
2394.1183222469276,3.331081061717156
2394.2183222469275,3.3308773850638853
2394.3183222469274,3.330692704185915
2394.4183222469273,3.330525129295418
2394.5183222469273,3.3303730432104044
2394.618322246927,3.330235034562867
2394.718322246927,3.3301098515452945
2394.818322246927,3.3299963698994346
2394.918322246927,3.3298935706317505
2395.018322246927,3.3298005242805777
2395.1183222469267,3.329716379544495
2395.2183222469266,3.3296403547879847
2395.3183222469265,3.3295717314366833
2395.4183222469264,3.3295098486159502
2395.5183222469263,3.3294540986168
2395.6183222469263,3.3294039229256667
2395.718322246926,3.329358808653434
2395.818322246926,3.329318285262261
2395.918322246926,3.3292819215281364
2396.018322246926,3.329249322701274
2396.118322246926,3.3292201278409297
2396.2183222469257,3.3291940073097046
2396.3183222469256,3.329170660417198
