2377.418322246943,1.0485903428157477e-72
2377.5183222469427,1.5461468835091809e-71
2377.6183222469426,2.2299703212737392e-70
2377.7183222469425,3.145943036905952e-69
2377.8183222469424,4.3411627138596445e-68
2377.9183222469424,5.859556034084822e-67
2378.0183222469423,7.736184116712127e-66
2378.118322246942,9.990617238311423e-65
2378.218322246942,1.2620055995577157e-63
2378.318322246942,1.5593143699654367e-62
2378.418322246942,1.8845580450464547e-61
2378.518322246942,2.2278646042940733e-60
2378.6183222469417,2.5761521347779227e-59
2378.7183222469416,2.91378603693569e-58
2378.8183222469415,3.223645276214718e-57
2378.9183222469414,3.488512422228491e-56
2379.0183222469414,3.692638035041431e-55
2379.1183222469413,3.8232847239232836e-54
2379.218322246941,3.872041312952818e-53
2379.318322246941,3.835718800020249e-52
2379.418322246941,3.7166954658746204e-51
2379.518322246941,3.522659225589953e-50
2379.618322246941,3.2657860162939303e-49
2379.7183222469407,2.961476260591271e-48
2379.8183222469406,2.62683155203067e-47
2379.9183222469405,2.279080317954884e-46
2380.0183222469404,1.9341514380140574e-45
2380.1183222469404,1.6055534100873963e-44
2380.2183222469403,1.303654408454933e-43
2380.31832224694,1.0353892124518152e-42
2380.41832224694,8.043558634453982e-42
2380.51832224694,6.112181838924038e-41
2380.61832224694,4.543052318006836e-40
2380.71832224694,3.3029549344799614e-39
2380.8183222469397,2.3488808986345504e-38
2380.9183222469396,1.633889877178524e-37
2381.0183222469395,1.1117010246657695e-36
2381.1183222469394,7.398721290246021e-36
2381.2183222469394,4.816468979057595e-35
2381.3183222469393,3.066933117903604e-34
2381.418322246939,1.9102195295785685e-33
2381.518322246939,1.1637660791680341e-32
2381.618322246939,6.935081129524608e-32
2381.718322246939,4.042414429792343e-31
2381.818322246939,2.3048016857858982e-30
2381.9183222469387,1.2853746433471103e-29
2382.0183222469386,7.011796957793223e-29
2382.1183222469385,3.7413847603676183e-28
2382.2183222469384,1.952714954070435e-27
2382.3183222469384,9.968935115143281e-27
2382.4183222469383,4.9780828976405636e-26
2382.518322246938,2.4315259983905285e-25
2382.618322246938,1.1617138003687303e-24
2382.718322246938,5.429037199997965e-24
2382.818322246938,2.4817036781829933e-23
2382.918322246938,1.1096358239355882e-22
2383.0183222469377,4.8530464939365955e-22
2383.1183222469376,2.0761172302287924e-21
2383.2183222469375,8.687458269939909e-21
2383.3183222469374,3.55579756437043e-20
2383.4183222469374,1.4235894560781705e-19
2383.5183222469373,5.574885284446945e-19
2383.618322246937,2.1354555982494873e-18
2383.718322246937,8.001079656791376e-18
2383.818322246937,2.9323113442659595e-17
2383.918322246937,1.0511749547664156e-16
2384.018322246937,3.685898461145447e-16
2384.1183222469367,1.264198199195102e-15
2384.2183222469366,4.2412161406872365e-15
2384.3183222469365,1.391775161823946e-14
2384.4183222469364,4.4673625140906793e-14
2384.5183222469363,1.4026094083276318e-13
2384.6183222469363,4.3075044785311716e-13
2384.718322246936,1.293951998116423e-12
2384.818322246936,3.802016798730768e-12
2384.918322246936,1.0927311794700466e-11
2385.018322246936,3.071963681743253e-11
2385.118322246936,8.447384387249177e-11
2385.2183222469357,2.272123190080119e-10
2385.3183222469356,5.977848852210232e-10
2385.4183222469355,1.5383722008756406e-09
2385.5183222469354,3.872410195339836e-09
2385.6183222469353,9.534649314962187e-09
2385.7183222469353,2.2963153645442902e-08
2385.818322246935,5.409557943092854e-08
2385.918322246935,1.2465091197634416e-07
2386.018322246935,2.809522933347182e-07
2386.118322246935,6.194027663186839e-07
2386.218322246935,1.3357252560418505e-06
2386.3183222469347,2.8175042044170508e-06
2386.4183222469346,5.8132024216363274e-06
2386.5183222469345,1.1731937933972743e-05
2386.6183222469344,2.31594107658327e-05
2386.7183222469343,4.471865084599377e-05
2386.8183222469343,8.4460435664691e-05
2386.918322246934,0.00015603476816317217
2387.018322246934,0.0002819634921395706
2387.118322246934,0.0004983882780991002
2387.218322246934,0.0008616803631454552
2387.318322246934,0.0014572296877903934
2387.4183222469337,0.002410534007934159
2387.5183222469336,0.003900335387291027
2387.6183222469335,0.006172968796841594
2387.7183222469334,0.009556297204511743
2387.8183222469333,0.01447067042036907
2387.9183222469333,0.021433401255658454
2388.018322246933,0.031052528899637444
2388.118322246933,0.04400543239897307
2388.218322246933,0.060998485011480676
2388.318322246933,0.08270566210940215
2388.418322246933,0.10968692834323196
2388.5183222469327,0.1422911681060291
2388.6183222469326,0.18055289339161595
2388.7183222469325,0.2240961514879112
2388.8183222469324,0.2720619346196438
2388.9183222469323,0.32307593037995525
2389.0183222469323,0.3752708779594767
2389.118322246932,0.42637188629199624
2389.218322246932,0.47384433888046273
2389.318322246932,0.5150937375977593
2389.418322246932,0.5476968980645572
2389.518322246932,0.5696363967431969
2389.6183222469317,0.5795069088124702
2389.7183222469316,0.5783240458875821
2389.8183222469315,0.5705390507823371
2389.9183222469314,0.5566536478056276
2390.0183222469313,0.5371187367323798
2390.1183222469313,0.5125557435916958
2390.218322246931,0.4837238106250921
2390.318322246931,0.45148090335642793
2390.418322246931,0.41674160900402274
2390.518322246931,0.38043450660982214
2390.618322246931,0.3434618450830867
2390.7183222469307,0.30666389982042463
2390.8183222469306,0.27078984198608497
2390.9183222469305,0.23647631127512514
2391.0183222469304,0.20423420293060887
2391.1183222469303,0.17444352990889955
2391.2183222469303,0.14735565813315074
2391.31832224693,0.12310177801924081
2391.41832224693,0.10170619194546587
2391.51832224693,0.0831028696894287
2391.61832224693,0.06715374033531592
2391.71832224693,0.053667325399777484
2391.8183222469297,0.042416541619930644
2391.9183222469296,0.033154777583237205
2392.0183222469295,0.02562964204128657
2392.1183222469294,0.019594063959067907
2392.2183222469293,0.014814672697793314
2392.3183222469293,0.011077586746749636
2392.418322246929,0.00819188443816529
2392.518322246929,0.005991120209253281
2392.618322246929,0.004333290542739
2392.718322246929,0.0030996534653890766
2392.818322246929,0.0021927748257995435
2392.9183222469287,0.001534124087278154
2393.0183222469286,0.0010614816723424141
2393.1183222469285,0.0007263569060606479
2393.2183222469284,0.0004915562236114795
2393.3183222469283,0.0003289893862028052
2393.4183222469283,0.00021775901025405643
2393.518322246928,0.00014254629695428043
2393.618322246928,9.228291502346102e-05
2393.718322246928,5.908431817724319e-05
2393.818322246928,3.741180920527297e-05
2393.918322246928,2.342775924759215e-05
2394.0183222469277,1.4509029138759042e-05
2394.1183222469276,8.886515696754859e-06
2394.2183222469275,5.3828246273656785e-06
2394.3183222469274,3.224590038554767e-06
2394.4183222469273,1.9104001531475286e-06
2394.5183222469273,1.1193341126241541e-06
2394.618322246927,6.486055993196697e-07
2394.718322246927,3.7169541727472886e-07
2394.818322246927,2.1065864121748196e-07
2394.918322246927,1.1807471595839273e-07
2395.018322246927,6.545157464797404e-08
2395.1183222469267,3.588135607883298e-08
2395.2183222469266,1.945374217976288e-08
2395.3183222469265,1.0430929798099453e-08
2395.4183222469264,5.53131572022723e-09
2395.5183222469263,2.900810993643022e-09
2395.6183222469263,1.5045131089361996e-09
2395.718322246926,7.717170198904414e-10
2395.818322246926,3.9147653878198184e-10
2395.918322246926,1.9639885889510836e-10
2396.018322246926,9.744459150570334e-11
2396.118322246926,4.781477070876737e-11
2396.2183222469257,2.32034185792868e-11
2396.3183222469256,1.1135954058739923e-11
