0,19.337454124925877
1,21.47906780088298
2,23.872783510457513
3,26.54441170399621
4,29.522970163007702
5,32.84786704826133
6,36.61157419288984
7,41.173383502623416
8,48.04560907556528
9,62.88484715848359
10,103.4992798655388
11,215.97639122731636
12,495.82829902965716
13,1093.9179211240585
14,2168.945957041316
15,3763.806498641114
16,5659.13765752796
17,7343.96113025934
18,8214.123000624804
19,8256.851311784552
20,8245.047657547095
21,8214.349885688598
22,8165.172837399978
23,8098.078348251393
24,8013.769019946955
25,7913.080287333957
26,7796.970911089597
27,7666.512051863697
28,7522.875103617067
29,7367.318482028663
30,7201.173577818339
31,7025.830094422851
32,6842.72099456038
33,6653.307280825767
34,6459.062831688164
35,6261.4595063317865
36,6061.952720001377
37,5861.967676282965
38,5662.886424533329
39,5466.035889989449
40,5272.677001501583
41,5083.995017921839
42,4901.091129531139
43,4724.975386077068
44,4556.560978573497
45,4396.659878491029
46,4245.979815805181
47,4105.122556966552
48,3974.583425545976
49,3854.7519923476575
50,3745.9138483592524
51,3648.2533631301153
52,3561.85732307459
53,3486.719338755459
54,3422.7449073192456
55,3369.7570157808477
56,3327.5021725932493
57,3295.656758654164
58,3273.833594332071
59,3261.5886259565914
60,3258.4276432203656
61,3263.812947787852
62,3277.1699028145918
63,3297.8933027759604
64,3325.3535127352443
65,3358.902335720025
66,3397.8785760250503
67,3441.613274852313
68,3489.434602600768
69,3540.6723992278035
70,3594.6623603535827
71,3650.7498721292923
72,3708.293502331643
73,3766.6681586943087
74,3825.2679281803607
75,3883.5086127948425
76,3940.8299787048477
77,3996.6977359585194
78,4050.6052660644787
79,4102.075114203501
80,4150.660261989986
81,4195.945195575146
82,4237.546782575665
83,4275.114969903415
84,4308.333313138001
85,4336.919346689666
86,4360.624802700646
87,4379.235685472908
88,4392.5722072236595
89,4400.488590180494
90,4402.872739449435
91,4400.669452052055
92,4396.863027925703
93,4391.612920735991
94,4384.886707435324
95,4376.660186190779
96,4366.9168795443775
97,4355.647594220266
98,4342.850037462468
99,4328.52848910654
100,4312.693528003721
101,4295.361810908831
102,4276.555901495302
103,4256.304146754766
104,4234.640597657899
105,4211.604970582806
106,4187.242645643662
107,4161.60469766463
108,4134.747955133734
109,4106.73508203253
110,4077.634676967358
111,4047.521383527266
112,4016.4760052660104
113,3984.5856181582126
114,3951.943672823447
115,3918.650078260734
116,3884.8112583070315
117,3850.540171547046
118,3815.956284981147
119,3781.185491428543
120,3746.359960431212
121,3711.617912358408
122,3677.1033055203056
123,3642.9654264102505
124,3609.358373734552
125,3576.440427680524
126,3544.3732969377106
127,3513.3212373393517
128,3483.450037640806
129,3454.9258699013367
130,3427.914004180435
131,3402.577389785474
132,3379.075108090747
133,3357.560704955399
134,3338.1804139560395
135,3321.0712849653937
136,3306.3592359880345
137,3294.157049536026
138,3284.5623381113205
139,3277.655506471832
140,3273.4977412036264
141,3272.129060609723
142,3273.566459963678
143,3277.8021886735714
144,3284.8021967748014
145,3294.504788342575
146,3306.819518822998
147,3321.626371875423
148,3338.775249065377
149,3358.0858026334977
150,3379.347637599135
151,3402.3209046677853
152,3426.7372998529518
153,3452.3014804723475
154,3478.6929003353753
155,3505.5680596249795
156,3532.563157332857
157,3559.2971262900815
158,3585.3750230157857
159,3610.3917369640526
160,3633.9359764675164
161,3655.594481938611
162,3674.956410873723
163,3691.617834078453
164,3705.186278444648
165,3715.2852486919273
166,3721.558658842952
167,3723.6751039088
168,3721.331903362561
169,3714.258850485905
170,3702.221605559853
171,3685.024676077137
172,3662.5139335848135
173,3634.5786242954596
174,3601.1528390772633
175,3564.574610895075
176,3527.205967646334
177,3489.0526877354355
178,3450.1225108748727
179,3410.4251473764375
180,3369.9722791567638
181,3328.7775524933913
182,3286.8565626077952
183,3244.2268301913077
184,3200.907770028475
185,3156.9206519097183
186,3112.2885540611924
187,3067.0363093541564
188,3021.190444588812
189,2974.779113178287
190,2927.832021587089
191,2880.380349904728
192,2832.4566669592664
193,2784.0948403971024
194,2735.329942174337
195,2686.198149921411
196,2636.7366446564065
197,2586.983505333344
198,2536.9776007200035
199,2486.7584791052277
200,2436.366256338372
201,2385.8415027035167
202,2335.2251291283974
203,2284.558273222705
204,2233.8821856325794
205,2183.238117187913
206,2132.6672073064683
207,2082.2103741040837
208,2031.908206643378
209,1981.8008597345886
210,1931.9279516816546
211,1882.3284653444505
212,1833.0406528644735
213,1784.1019443763678
214,1735.548861001651
215,1687.4169323940598
216,1639.7406190782212
217,1592.5532397950951
218,1545.8869040389468
219,1499.7724499417372
220,1454.2393876318786
221,1409.3158481654932
222,1365.0285380998046
223,1321.402699750191
224,1278.4620771449704
225,1236.2288876652085
226,1194.7237993309736
227,1153.9659136705443
228,1113.9727540852946
229,1074.7602596003564
230,1036.342783869885
231,998.7330992857853
232,961.9424060202955
233,925.9803458158042
234,890.8550203198395
235,856.5730137492941
236,823.1394196556704
237,790.5578715524766
238,758.8305771568533
239,727.9583559900776
240,697.9406800757315
241,668.7757174700336
242,640.4603783560644
243,612.9903634323199
244,586.3602143261711
245,560.5633657643043
246,535.5921992350305
247,511.43809788138464
248,488.09150236913774
249,465.5419674801168
250,443.77821918849764
251,422.7882119859161
252,402.55918623024917
253,383.0777253026549
254,364.32981236784997
