0,2.000016
1,2.000022
2,2.000030
3,2.000040
4,2.000054
5,2.000073
6,2.000097
7,2.000130
8,2.000173
9,2.000229
10,2.000303
11,2.000401
12,2.000528
13,2.000693
14,2.000909
15,2.001188
16,2.001550
17,2.002016
18,2.002616
19,2.003387
20,2.004373
21,2.005632
22,2.007236
23,2.009274
24,2.011855
25,2.015118
26,2.019230
27,2.024400
28,2.030883
29,2.038990
30,2.049103
31,2.061685
32,2.077298
33,2.096622
34,2.120475
35,2.149843
36,2.185905
37,2.230072
38,2.284022
39,2.349752
40,2.429620
41,2.526413
42,2.643409
43,2.784451
44,2.954031
45,3.157385
46,3.400594
47,3.690696
48,4.035814
49,4.445289
50,4.929830
51,5.501666
52,6.174722
53,6.964795
54,7.889744
55,8.969685
56,10.227199
57,11.687537
58,13.378836
59,15.332322
60,17.582525
61,20.167472
62,23.128878
63,26.512311
64,30.367343
65,34.747666
66,39.711179
67,45.320032
68,51.640619
69,58.743522
70,66.703393
71,75.598767
72,85.511801
73,96.527935
74,108.735466
75,122.225042
76,137.089049
77,153.420922
78,171.314351
79,190.862399
80,212.156537
81,235.285586
82,260.334594
83,287.383639
84,316.506585
85,347.769798
86,381.230828
87,416.937106
88,454.924633
89,495.216720
90,537.822779
91,582.737200
92,629.938326
93,679.387561
94,731.028627
95,784.786995
96,840.569502
97,898.264185
98,957.740331
99,1018.848772
100,1081.422410
101,1145.276999
102,1210.212171
103,1276.012695
104,1342.449972
105,1409.283741
106,1476.263986
107,1543.133000
108,1609.627607
109,1675.481487
110,1740.427577
111,1804.200509
112,1866.539058
113,1927.188543
114,1985.903151
115,2042.448146
116,2096.601932
117,2148.157916
118,2196.926172
119,2242.734848
120,2285.431325
121,2324.883082
122,2360.978289
123,2393.626095
124,2422.756637
125,2448.320759
126,2470.289469
127,2488.653147
128,2503.420529
129,2514.617497
130,2522.285702
131,2526.481064
132,2527.272176
133,2524.738654
134,2518.969467
135,2510.061288
136,2498.116897
137,2483.243661
138,2465.552132
139,2445.154776
140,2422.164857
141,2396.695484
142,2368.858846
143,2338.765613
144,2306.524533
145,2272.242188
146,2236.022925
147,2197.968929
148,2158.180430
149,2116.756019
150,2073.793057
151,2029.388133
152,1983.637580
153,1936.637988
154,1888.486715
155,1839.282363
156,1789.125200
157,1738.117505
158,1686.363841
159,1633.971208
160,1581.049106
161,1527.709474
162,1474.066524
163,1420.236451
164,1366.337047
165,1312.487208
166,1258.806356
167,1205.413784
168,1152.427935
169,1099.965644
170,1048.141346
171,997.066267
172,946.847630
173,897.587874
174,849.383916
175,802.326458
176,756.499362
177,711.979095
178,668.834269
179,627.125253
180,586.903897
181,548.213347
182,511.087959
183,475.553308
184,441.626297
185,409.315351
186,378.620695
187,349.534709
188,322.042347
189,296.121619
190,271.744118
191,248.875584
192,227.476504
193,207.502722
194,188.906064
195,171.634961
196,155.635065
197,140.849852
198,127.221197
199,114.689927
200,103.196339
201,92.680679
202,83.083585
203,74.346487
204,66.411960
205,59.224040
206,52.728491
207,46.873030
208,41.607512
209,36.884079
210,32.657263
211,28.884062
212,25.523982
213,22.539049
214,19.893801
215,17.555246
216,15.492812
217,13.678276
218,12.085678
219,10.691226
220,9.473190
221,8.411795
222,7.489103
223,6.688900
224,5.996575
225,5.399007
226,4.884450
227,4.442421
228,4.063594
229,3.739699
230,3.463422
231,3.228318
232,3.028721
233,2.859666
234,2.716814
235,2.596388
236,2.495103
237,2.410117
238,2.338972
239,2.279554
240,2.230044
241,2.188886
242,2.154751
243,2.126506
244,2.103189
245,2.083985
246,2.068204
247,2.055267
248,2.044685
249,2.036050
250,2.029020
251,2.023309
252,2.018681
253,2.014939
254,2.011920
