0,1.6378082489643135e-05
1,2.2174795358528002e-05
2,2.994818111216001e-05
3,4.03455411443516e-05
4,5.421692756385129e-05
5,7.267558301168682e-05
6,9.717541630630585e-05
7,0.00012961001446585806
8,0.00017243879213019227
9,0.00022884722415852335
10,0.00030294974380733853
11,0.000400045872570584
12,0.000526942542027913
13,0.0006923584455547965
14,0.0009074297009711224
15,0.0011863402070042117
16,0.0015471049404789205
17,0.0020125401820484715
18,0.002611461401481088
19,0.0033801574146869987
20,0.004364198588602457
21,0.005620647468903489
22,0.00722075239629124
23,0.009253218618117629
24,0.01182816724856071
25,0.01508191032861047
26,0.019182690316881565
27,0.02433755470908045
28,0.030800561208154952
29,0.03888253597213094
30,0.04896263691511298
31,0.061502005715592264
32,0.07705982588872097
33,0.09631213968776643
34,0.1200738132657668
35,0.14932407685137183
36,0.1852361039012321
37,0.22921112932175702
38,0.2829176407321632
39,0.34833620696898937
40,0.42781053297142524
41,0.5241053479525615
42,0.6404717422223051
43,0.7807205648108356
44,0.9493044765506343
45,1.1514092187169012
46,1.3930546027510808
47,1.681205648948631
48,2.023894198197004
49,2.430351187874136
50,2.9111496179905947
51,3.4783580339863605
52,4.145704116095534
53,4.928747690252681
54,5.845062161241706
55,6.914423015188718
56,8.159001646652314
57,9.603562337793331
58,11.275659757152031
59,13.205833858728774
60,15.427798555359802
61,17.97862002260053
62,20.898879971128874
63,24.2328187195744
64,28.028452419992732
65,32.33765835095856
66,37.21622181596553
67,42.723837886249136
68,48.92406102691351
69,55.8841955633992
70,63.67512000184563
71,72.37103843105038
72,82.0491526234219
73,92.78924903339082
74,104.67319567717101
75,117.78434487689383
76,132.2068390699403
77,148.02481832057347
78,165.32152981974525
79,184.178341507831
80,204.67366398482298
81,226.88178705686215
82,250.8716395733502
83,276.7054835946236
84,304.43755634890863
85,334.1126758354858
86,365.7648282499373
87,399.4157575841074
88,435.07357972237537
89,472.73144505022526
90,512.3662749448118
91,553.9375984667813
92,597.3865160592221
93,642.6348170313074
94,689.5842770177927
95,738.1161604288335
96,788.0909511179211
97,839.3483320937987
98,891.7074320950876
99,944.967353260502
100,998.907990006177
101,1053.291144624714
102,1107.8619401240392
103,1162.350525519155
104,1216.4740632805922
105,1269.9389830454409
106,1322.4434801342172
107,1373.6802320191514
108,1423.3393007883997
109,1471.1111849765514
110,1516.6899800096744
111,1559.7766030593853
112,1600.0820354187842
113,1637.3305336916255
114,1671.2627601939328
115,1701.6387830522774
116,1728.2408975696426
117,1750.8762225180649
118,1769.379028081806
119,1783.6127561652247
120,1793.4716986212695
121,1798.8823045524746
122,1799.8040940693159
123,1796.2301626263106
124,1788.1872671462909
125,1775.7354924301183
126,1758.9675036696165
127,1738.0073980716827
128,1713.0091755009018
129,1684.154854504046
130,1651.6522659521002
131,1615.732561699254
132,1576.6474800079645
133,1534.666412940696
134,1490.0733234118334
135,1443.1635610918825
136,1394.2406268500192
137,1343.612934924865
138,1291.590620565561
139,1238.4824385464578
140,1184.5927948096826
141,1130.2189496282137
142,1075.6484262194767
143,1021.1566537978159
144,967.0048687621567
145,913.4382922042772
146,860.6845963242635
147,808.9526667795974
148,758.4316625922929
149,709.29037010374
150,661.6768426961596
151,615.7183136751336
152,571.5213658961665
153,529.1723384697872
154,488.7379482275843
155,450.26610159254795
156,413.7868710719906
157,379.31360976622307
158,346.84417703376937
159,316.3622487353072
160,287.8386862451321
161,261.23293961447024
162,236.49446183362969
163,213.56411300448815
164,192.37553533445904
165,172.8564821315426
166,154.93008635316207
167,138.51605667860224
168,123.53179148022615
169,109.89340341225721
170,97.51664957432595
171,86.31776430369851
172,76.21419357584833
173,67.1252317256875
174,58.97256272621953
175,51.68070956905082
176,45.17739637962569
177,39.39382877216177
178,34.264898612701806
179,29.729319825054436
180,25.729702158424875
181,22.212569954386105
182,19.12833292331302
183,16.431215786254356
184,14.079153377538056
185,12.033657456053756
186,10.259661058288101
187,8.72534576186771
188,7.401956731254005
189,6.263609902371338
190,5.287095143604651
191,4.4516787181901165
192,3.738907877099279
193,3.132419939811851
194,2.617757778873264
195,2.182193217204768
196,1.8145594776612197
197,1.5050934938839584
198,1.245288600497118
199,1.0277578686013478
200,0.8461081379895825
201,0.6948246185769859
202,0.5691657877601958
203,0.4650681950263833
204,0.379060697143251
205,0.30818758360429527
206,0.2499400096057733
207,0.20219512969391648
208,0.16316231648007753
209,0.13133585279640217
210,0.10545349988856166
211,0.08446036648333617
212,0.06747753184144807
213,0.05377490847148216
214,0.04274786554293837
215,0.03389717093111032
216,0.026811847206273304
217,0.02115457389666208
218,0.016649304340949227
219,0.013070799893071161
220,0.010235816781213596
221,0.007995711303841775
222,0.006230257119542203
223,0.004842494087657655
224,0.003754451443519609
225,0.002903609098150354
226,0.0022399796299547416
227,0.0017237102062396936
228,0.0013231183759301252
229,0.001013088563850045
230,0.0007737673290617661
231,0.0005895051830255504
232,0.0004480011522539777
233,0.0003396134627573685
234,0.00025680585948474887
235,0.00019370428288587645
236,0.00014574302575093328
237,0.00010938319477721365
238,8.188940011656808e-05
239,6.115317914100349e-05
240,4.555380442778977e-05
241,3.384889769619591e-05
242,2.5088729632918775e-05
243,1.8549280827931694e-05
244,1.3680114898146203e-05
245,1.0063908452401202e-05
246,7.3851253955555254e-06
247,5.405841822629736e-06
248,3.947144791951864e-06
249,2.8748622851590517e-06
250,2.0886482043012707e-06
251,1.5136581800104546e-06
252,1.0942198558889856e-06
253,7.890338483030336e-07
254,5.675458348849831e-07
