0,0.000000
1,0.000000
2,0.000000
3,0.000000
4,0.000000
5,0.000000
6,0.000000
7,0.000000
8,0.000000
9,0.000000
10,0.000000
11,0.000001
12,0.000001
13,0.000001
14,0.000001
15,0.000002
16,0.000003
17,0.000004
18,0.000005
19,0.000007
20,0.000009
21,0.000012
22,0.000016
23,0.000021
24,0.000027
25,0.000036
26,0.000048
27,0.000063
28,0.000082
29,0.000108
30,0.000141
31,0.000183
32,0.000239
33,0.000310
34,0.000401
35,0.000519
36,0.000669
37,0.000860
38,0.001105
39,0.001415
40,0.001809
41,0.002308
42,0.002937
43,0.003730
44,0.004727
45,0.005976
46,0.007539
47,0.009490
48,0.011920
49,0.014938
50,0.018680
51,0.023308
52,0.029018
53,0.036047
54,0.044681
55,0.055262
56,0.068197
57,0.083975
58,0.103176
59,0.126488
60,0.154726
61,0.188852
62,0.229998
63,0.279492
64,0.338890
65,0.410007
66,0.494958
67,0.596194
68,0.716558
69,0.859326
70,1.028273
71,1.227729
72,1.462648
73,1.738685
74,2.062271
75,2.440697
76,2.882210
77,3.396104
78,3.992821
79,4.684058
80,5.482873
81,6.403799
82,7.462954
83,8.678155
84,10.069029
85,11.657122
86,13.466000
87,15.521349
88,17.851053
89,20.485275
90,23.456504
91,26.799601
92,30.551810
93,34.752743
94,39.444350
95,44.670834
96,50.478551
97,56.915853
98,64.032899
99,71.881419
100,80.514420
101,89.985855
102,100.350231
103,111.662170
104,123.975908
105,137.344758
106,151.820506
107,167.452767
108,184.288306
109,202.370302
110,221.737597
111,242.423906
112,264.457023
113,287.858010
114,312.640391
115,338.809363
116,366.361034
117,395.281694
118,425.547144
119,457.122092
120,489.959626
121,524.000777
122,559.174195
123,595.395933
124,632.569370
125,670.585267
126,709.321965
127,748.645749
128,788.411354
129,828.462642
130,868.633436
131,908.748503
132,948.624696
133,988.072241
134,1026.896143
135,1064.897727
136,1101.876270
137,1137.630726
138,1171.961511
139,1204.672338
140,1235.572062
141,1264.476535
142,1291.210419
143,1315.608959
144,1337.519664
145,1356.803896
146,1373.338328
147,1387.016262
148,1397.748767
149,1405.465649
150,1410.116214
151,1411.669819
152,1410.116214
153,1405.465649
154,1397.748767
155,1387.016262
156,1373.338328
157,1356.803896
158,1337.519664
159,1315.608959
160,1291.210419
161,1264.476535
162,1235.572062
163,1204.672338
164,1171.961511
165,1137.630726
166,1101.876270
167,1064.897727
168,1026.896143
169,988.072241
170,948.624696
171,908.748503
172,868.633436
173,828.462642
174,788.411354
175,748.645749
176,709.321965
177,670.585267
178,632.569370
179,595.395933
180,559.174195
181,524.000777
182,489.959626
183,457.122092
184,425.547144
185,395.281694
186,366.361034
187,338.809363
188,312.640391
189,287.858010
190,264.457023
191,242.423906
192,221.737597
193,202.370302
194,184.288306
195,167.452767
196,151.820506
197,137.344758
198,123.975908
199,111.662170
200,100.350231
201,89.985855
202,80.514420
203,71.881419
204,64.032899
205,56.915853
206,50.478551
207,44.670834
208,39.444350
209,34.752743
210,30.551810
211,26.799601
212,23.456504
213,20.485275
214,17.851053
215,15.521349
216,13.466000
217,11.657122
218,10.069029
219,8.678155
220,7.462954
221,6.403799
222,5.482873
223,4.684058
224,3.992821
225,3.396104
226,2.882210
227,2.440697
228,2.062271
229,1.738685
230,1.462648
231,1.227729
232,1.028273
233,0.859326
234,0.716558
235,0.596194
236,0.494958
237,0.410007
238,0.338890
239,0.279492
240,0.229998
241,0.188852
242,0.154726
243,0.126488
244,0.103176
245,0.083975
246,0.068197
247,0.055262
248,0.044681
249,0.036047
250,0.029018
251,0.023308
252,0.018680
253,0.014938
254,0.011920
