0,3.9788241790550916
1,4.303875016246527
2,4.650311062684458
3,5.0190533014612795
4,5.411019040104768
5,5.827117386323219
6,6.268244415162349
7,6.73527803690885
8,7.229072578211491
9,7.7504530921530295
10,8.30020941637019
11,8.879090001757904
12,9.487795537777533
13,10.126972403884372
14,10.797205980061548
15,11.499013852859003
16,12.232838956646793
17,12.999042692961881
18,13.79789807381365
19,14.629582937573533
20,15.494173288565113
21,16.391636813650024
22,17.321826630930765
23,18.284475327122998
24,19.279189341149948
25,20.30544375204317
26,21.36257752926704
27,22.44978930308756
28,23.56613371155908
29,24.71051837908271
30,25.881701579287327
31,27.07829063218805
32,28.29874108218864
33,29.541356699517824
34,30.804290343137893
35,32.085545718056856
36,33.38298005433954
37,34.69430772898197
38,36.017104845229206
39,37.348814776926325
40,38.68675467815101
41,40.028122950744375
42,41.37000765450061
43,42.70939583676834
44,44.043183750130844
45,45.368187918750735
46,46.68115700596683
47,47.978784427902774
48,49.25772165027192
49,50.51459209832598
50,51.746005603079794
51,52.948573300631054
52,54.11892289566086
53,55.25371419512033
54,56.349654813748955
55,57.403515949492075
56,58.41214812414259
57,59.37249678267059
58,60.28161764376127
59,61.136691694083474
60,61.935039719774984
61,62.674136270563835
62,63.351622954842476
63,63.96532096785938
64,64.51324275996427
65,64.99360275750284
66,65.4048270554571
67,65.74556200821273
68,66.01468165283781
69,66.21129390790537
70,66.33474550010095
71,66.38462558053884
72,66.36076800277134
73,66.2632522448143
74,66.09240296802815
75,65.8487882162811
76,65.53321626937318
77,65.14673117511465
78,64.69060699462138
79,64.16634080521764
80,63.57564451472299
81,62.920435549755396
82,62.20282648892298
83,61.42511371932267
84,60.589765201548836
85,59.69940743437705
86,58.75681171537785
87,57.764879797892995
88,56.72662904804163
89,55.64517720769845
90,54.52372687069198
91,53.36554977981069
92,52.17397105159292
93,50.95235343433503
94,49.70408170231661
95,48.43254728595211
96,47.14113323348843
97,45.833199595033896
98,44.51206931419383
99,43.1810147064702
100,41.843244596936074
101,40.50189218259768
102,39.160003677392154
103,37.820527790019646
104,36.48630607686192
105,35.160064204177004
106,33.84440414566682
107,32.54179733347021
108,31.25457877271565
109,29.98494212204965
110,28.734935735105058
111,27.50645965075341
112,26.301263513251378
113,25.120945397095753
114,23.966951505586252
115,22.840576706798405
116,21.74296586591826
117,20.67511592870972
118,19.637878707287832
119,18.631964316366602
120,17.657945205737658
121,16.716260732911994
122,15.807222218609787
123,14.931018427094342
124,14.087721413195887
125,13.277292678229665
126,12.499589577851483
127,11.754371926177432
128,11.041308742185372
129,10.359985086474959
130,9.709908938848539
131,9.090518069845318
132,8.50118686227251
133,7.941233041886849
134,7.409924279645823
135,6.906484631328143
136,6.430100783778173
137,5.97992808052023
138,5.555096302980422
139,5.154715187011821
140,4.777879657812616
141,4.423674769627938
142,4.09118033980929
143,3.779475269848557
144,3.487641548887544
145,3.214767937912516
146,2.959953335363883
147,2.7223098272134307
148,2.5009654266787313
149,2.2950665106518997
150,2.103779961616026
151,1.9262950253080848
152,1.761824895664444
153,1.609608039659422
154,1.4689092755247948
155,1.3390206185272506
156,1.2192619089905254
157,1.1089812375902166
158,1.007555183133157
159,0.914388878071958
160,0.8289159169114045
161,0.7505981224495766
162,0.6789251844758811
163,0.6134141851334044
164,0.5536090246568909
165,0.4990797606325278
166,0.44942187330350714
167,0.4042554687774159
168,0.3632244312886692
169,0.3259955349414882
170,0.29225752461574844
171,0.2617201749679324
172,0.23411333571021967
173,0.20918597060946778
174,0.18670519692062737
175,0.16645533126145107
176,0.1482369472518122
177,0.13186594958545114
178,0.11717266857771366
179,0.10400097864232785
180,0.09220744359542274
181,0.08166049116708364
182,0.0722396186205899
183,0.06383463093736026
184,0.05634491262142731
185,0.04967873381044869
186,0.0437525910499988
187,0.03849058279304478
188,0.03382381942572135
189,0.029689867392220355
190,0.02603222679409009
191,0.0227998416706582
192,0.019946642025743897
193,0.017431116549340583
194,0.015215914889553107
195,0.01326747825777718
196,0.011555697096966789
197,0.010053594506933827
198,0.008737034100123714
199,0.0075844509544334545
200,0.006576604334703437
201,0.005696350869926213
202,0.004928436897482521
203,0.004259308717449072
204,0.003676939537938523
205,0.003170671935356131
206,0.0027310747003157186
207,0.0023498129897849235
208,0.0020195307579574237
209,0.001733744491609568
210,0.0014867473296113804
211,0.0012735227002375253
212,0.001089666663453165
213,0.0009313181979997219
214,0.0007950967245143318
215,0.0006780462057851609
216,0.0005775852133339284
217,0.0004914623956394067
218,0.00041771682733232076
219,0.00035464276050510134
220,0.0003007583388288897
221,0.0002547778724266993
222,0.0002155873064147593
223,0.00018222254871698077
224,0.0001538503532225287
225,0.0001297514826528791
226,0.00010930590170436247
227,9.197977521766824e-05
228,7.73140683872309e-05
229,6.491456645676022e-05
230,5.444315005186042e-05
231,4.561017937815609e-05
232,3.8167856065564366e-05
233,3.1904445567535e-05
234,2.663925582775459e-05
235,2.2218279502891084e-05
236,1.8510417472148638e-05
237,1.5404210762655738e-05
238,1.2805016459806068e-05
239,1.0632570734994498e-05
240,8.818888886498086e-06
241,7.306458324635719e-06
242,6.04668580715855e-06
243,4.998565007784109e-06
244,4.12753473800808e-06
245,3.4045018934866054e-06
246,2.805006510771173e-06
247,2.3085092432907214e-06
248,1.8977841386178454e-06
249,1.5584018599513517e-06
250,1.2782904776717342e-06
251,1.0473626928241284e-06
252,8.571998714991025e-07
253,7.007845925780533e-07
254,5.72274563884888e-07
