0,6.979073
1,7.304169
2,7.650658
3,8.019462
4,8.411502
5,8.827687
6,9.268921
7,9.736089
8,10.230066
9,10.751724
10,11.301952
11,11.881721
12,12.492202
13,13.135021
14,13.812722
15,14.529620
16,15.293262
17,16.116822
18,17.022852
19,18.048806
20,19.254725
21,20.733151
22,22.620836
23,25.110896
24,28.462934
25,33.007385
26,39.139328
27,47.296751
28,57.919311
29,71.386436
30,87.938112
31,107.587450
32,130.039773
33,154.636795
34,180.344699
35,205.800271
36,229.419712
37,249.561821
38,264.723861
39,273.738259
40,275.934515
41,271.235158
42,260.166629
43,243.782900
44,223.517124
45,200.990177
46,177.811399
47,155.405001
48,134.886729
49,117.002453
50,102.126978
51,90.310832
52,81.356873
53,74.907702
54,70.527954
55,67.770952
56,66.225021
57,65.539708
58,65.435311
59,65.700658
60,66.184003
61,66.781097
62,67.423221
63,68.066769
64,68.685019
65,69.262112
66,69.788918
67,70.260344
68,70.673686
69,71.027652
70,71.321815
71,71.556317
72,71.731718
73,71.848918
74,71.909117
75,71.913797
76,71.864706
77,71.763850
78,71.613483
79,71.416095
80,71.174402
81,70.891332
82,70.570009
83,70.213738
84,69.825992
85,69.410386
86,68.970665
87,68.510678
88,68.034361
89,67.545715
90,67.048782
91,66.547622
92,66.046292
93,65.548825
94,65.059199
95,64.581324
96,64.119012
97,63.675959
98,63.255721
99,62.861695
100,62.497097
101,62.164944
102,61.868038
103,61.608943
104,61.389977
105,61.213194
106,61.080369
107,60.992994
108,60.952260
109,60.959055
110,61.013957
111,61.117228
112,61.268815
113,61.468344
114,61.715126
115,62.008159
116,62.346132
117,62.727433
118,63.150155
119,63.612109
120,64.110836
121,64.643617
122,65.207492
123,65.799273
124,66.415565
125,67.052783
126,67.707170
127,68.374823
128,69.051709
129,69.733693
130,70.416557
131,71.096025
132,71.767787
133,72.427523
134,73.070926
135,73.693728
136,74.291719
137,74.860776
138,75.396880
139,75.896140
140,76.354816
141,76.769334
142,77.136308
143,77.452558
144,77.715123
145,77.921279
146,78.068551
147,78.154723
148,78.177851
149,78.136270
150,78.028601
151,77.853754
152,77.610933
153,77.299638
154,76.919662
155,76.471094
156,75.954307
157,75.369960
158,74.718989
159,74.002597
160,73.222245
161,72.379640
162,71.476724
163,70.515662
164,69.498822
165,68.428764
166,67.308222
167,66.140089
168,64.927396
169,63.673297
170,62.381052
171,61.054002
172,59.695562
173,58.309190
174,56.898381
175,55.466640
176,54.017471
177,52.554356
178,51.080742
179,49.600025
180,48.115535
181,46.630523
182,45.148147
183,43.671462
184,42.203409
185,40.746803
186,39.304328
187,37.878529
188,36.471801
189,35.086391
190,33.724388
191,32.387721
192,31.078161
193,29.797313
194,28.546622
195,27.327371
196,26.140683
197,24.987523
198,23.868702
199,22.784880
200,21.736573
201,20.724154
202,19.747864
203,18.807813
204,17.903988
205,17.036263
206,16.204401
207,15.408065
208,14.646824
209,13.920160
210,13.227476
211,12.568104
212,11.941311
213,11.346307
214,10.782253
215,10.248267
216,9.743428
217,9.266789
218,8.817375
219,8.394197
220,7.996250
221,7.622524
222,7.272006
223,6.943685
224,6.636554
225,6.349620
226,6.081901
227,5.832431
228,5.600265
229,5.384478
230,5.184171
231,4.998469
232,4.826526
233,4.667522
234,4.520670
235,4.385211
236,4.260418
237,4.145593
238,4.040073
239,3.943224
240,3.854443
241,3.773159
242,3.698831
243,3.630947
244,3.569025
245,3.512610
246,3.461276
247,3.414621
248,3.372271
249,3.333876
250,3.299108
251,3.267663
252,3.239258
253,3.213630
254,3.190535
