0.0,2.001768636249774e-13
1.0,4.62343350117885e-13
2.0,1.0576076116468943e-12
3.0,2.3960381967612314e-12
4.0,5.37615923634666e-12
5.0,1.194702375333806e-11
6.0,2.62939932950712e-11
7.0,5.7314246296736494e-11
8.0,1.237308055926412e-10
9.0,2.6454667815915207e-10
10.0,5.601908381573731e-10
11.0,1.174840496019632e-09
12.0,2.4402315133002962e-09
13.0,5.019868861177264e-09
14.0,1.0227345543948235e-08
15.0,2.0636816575851695e-08
16.0,4.124123821152075e-08
17.0,8.162626124649649e-08
18.0,1.6000639144397597e-07
19.0,3.1063756555448454e-07
20.0,5.972825603732039e-07
21.0,1.1374044201256394e-06
22.0,2.1451576088451625e-06
23.0,4.006938878040096e-06
24.0,7.412683313078907e-06
25.0,1.3581489189575395e-05
26.0,2.4644984833253322e-05
27.0,4.4291351784220304e-05
28.0,7.883490206403295e-05
29.0,0.00013897201249726043
30.0,0.0002426304915737338
31.0,0.00041953927812759015
32.0,0.000718470750264534
33.0,0.001218582045442547
34.0,0.002046961501990302
35.0,0.00340544438202056
36.0,0.0056110885932019
37.0,0.009156503737040907
38.0,0.014798627728274462
39.0,0.02368767472063448
40.0,0.03755196203672271
41.0,0.0589592639091655
42.0,0.09168128454845516
43.0,0.14119474826048986
44.0,0.21536028357394035
45.0,0.3253283439634406
46.0,0.4867292070891627
47.0,0.721210647881012
48.0,1.0583908323625815
49.0,1.538293574296903
50.0,2.2143262046065337
51.0,3.156844502961911
52.0,4.457321889631022
53.0,6.2330989763887965
54.0,8.632632745084393
55.0,11.841091156930329
56.0,16.086049500805878
57.0,21.64294193199043
58.0,28.839810657775153
59.0,38.06078422117979
60.0,49.74761644021062
61.0,64.39854261736834
62.0,82.5636754658869
63.0,104.83618636599698
64.0,131.8386136105337
65.0,164.20382057706198
66.0,202.5504000134799
67.0,247.45268457305204
68.0,299.40596705864345
69.0,358.7880338627384
70.0,425.81863762033294
71.0,500.51903563699085
72.0,582.6741472575419
73.0,671.8001809561173
74.0,767.1206980942259
75.0,867.5539716000604
76.0,971.7141364518336
77.0,1077.9280083346885
78.0,1184.2685861483365
79.0,1288.6051991606191
80.0,1388.6690820880292
81.0,1482.13195362984
82.0,1566.6940414159576
83.0,1640.1770472136368
84.0,1700.6168801398544
85.0,1746.3506819007487
86.0,1776.0927758600292
87.0,1788.994702796315
88.0,1784.6854317730238
89.0,1763.2890866764299
90.0,1725.4190065294456
91.0,1672.1485362336186
92.0,1604.9604889887653
93.0,1525.678600887353
94.0,1436.3853978370225
95.0,1339.3316294676242
96.0,1236.8427452030337
97.0,1131.2277858368345
98.0,1024.6955708567555
99.0,919.2822427573789
100.0,816.7931755014432
101.0,718.7610705245453
102.0,626.4208584600701
103.0,540.7008981484488
104.0,462.22899925873355
105.0,391.3510501549216
106.0,328.1595409468362
107.0,272.5290388570124
108.0,224.1556813371727
109.0,182.59796537911143
110.0,147.3164804188085
111.0,117.71070260287829
112.0,93.15148583391527
113.0,73.0084012586586
114.0,56.671552112566985
115.0,43.56789658873106
116.0,33.172430758681536
117.0,25.014810455009552
118.0,18.682128449392273
119.0,13.818621078673631
120.0,10.12307092648319
121.0,7.344615559251242
122.0,5.277583024000812
123.0,3.7558677959306705
124.0,2.6472486589285262
125.0,1.8479422461475477
126.0,1.2775893070848392
127.0,0.8747890930881659
128.0,0.5932321344342655
129.0,0.3984329010351775
130.0,0.26502993877320746
131.0,0.17459986195867558
132.0,0.1139205499621506
133.0,0.0736155340218037
134.0,0.04711357695791479
135.0,0.029862894929030825
136.0,0.01874679160062537
137.0,0.011655508193682372
138.0,0.007177028876027431
139.0,0.004376907719332943
140.0,0.0026436216753115095
141.0,0.0015813952680324497
142.0,0.0009368947017015912
143.0,0.0005497311519246955
144.0,0.0003194619441439443
145.0,0.00018386418018742311
146.0,0.00010480556561654371
147.0,5.916716761355924e-05
148.0,3.308159422892942e-05
149.0,1.8318980408439962e-05
150.0,1.0046745085301938e-05
151.0,5.457059450690368e-06
152.0,2.9356292364906867e-06
153.0,1.564058311690799e-06
154.0,8.253038933504916e-07
155.0,4.3130457448327203e-07
156.0,2.2323559898315323e-07
157.0,1.144332036824935e-07
158.0,5.809648785212362e-08
159.0,2.9211705754460993e-08
160.0,1.4546991110511925e-08
161.0,7.174615750387407e-09
162.0,3.5045586856253733e-09
163.0,1.6954197745207833e-09
164.0,8.123260278272815e-10
165.0,3.854718874407981e-10
166.0,1.811608163564737e-10
167.0,8.43228049925514e-11
168.0,3.887183457285315e-11
169.0,1.774737998106951e-11
170.0,8.024956280132219e-12
171.0,3.59385308457218e-12
172.0,1.593995829296043e-12
173.0,7.002018586329306e-13
174.0,3.0462711316126873e-13
175.0,1.3125717944946108e-13
176.0,5.601273737708739e-14
177.0,2.367335138363235e-14
178.0,9.909275625898543e-15
179.0,4.1080270028537986e-15
180.0,1.6866846319942826e-15
181.0,6.858729945229864e-16
182.0,2.762248432899152e-16
183.0,1.1017701082274998e-16
184.0,4.352396498496888e-17
185.0,1.7028450690732643e-17
186.0,6.59828449792697e-18
187.0,2.5321892174835642e-18
188.0,9.62432965935484e-19
189.0,3.622880779500456e-19
190.0,1.3506624062860905e-19
191.0,4.9871082903420724e-20
192.0,1.8237277325534607e-20
193.0,6.6051156024808964e-21
194.0,2.3692454807430076e-21
195.0,8.416836983458865e-22
196.0,2.961399426732155e-22
197.0,1.0319395967997714e-22
198.0,3.561400239039465e-23
199.0,1.2172968745422248e-23
200.0,4.120799151982355e-24
201.0,1.3815786240687077e-24
202.0,4.587530661378743e-25
203.0,1.5086606809982373e-25
204.0,4.9137536657797654e-26
205.0,1.585055257259061e-26
206.0,5.063894512208261e-27
207.0,1.6022641310399481e-27
208.0,5.021029672975277e-28
209.0,1.5583344888169318e-28
210.0,4.7900251555939295e-29
211.0,1.4582236012309142e-29
212.0,4.396627468404865e-30
213.0,1.312878184439226e-30
214.0,3.8827409134395806e-31
215.0,1.1372648312960832e-31
216.0,3.2990889383423186e-32
217.0,9.478413587522544e-33
218.0,2.6970345108415954e-33
219.0,7.6005771088777195e-34
220.0,2.1213672123229383e-34
221.0,5.864005271734786e-35
222.0,1.605395602755754e-35
223.0,4.352903138087908e-36
224.0,1.168920982664186e-36
225.0,3.1088554026762826e-37
226.0,8.1888913384833e-38
227.0,2.136283621893294e-38
228.0,5.5195278705376756e-39
229.0,1.4123884826647941e-39
230.0,3.5794444043398054e-40
231.0,8.984342349606398e-41
232.0,2.2333982966367283e-41
233.0,5.498639984930218e-42
234.0,1.3407679138212675e-42
235.0,3.2378829711272575e-43
236.0,7.744223963777986e-44
237.0,1.8344415477361714e-44
238.0,4.3036710513502523e-45
239.0,9.99961954694647e-46
240.0,2.3011085276810602e-46
241.0,5.244449937135548e-47
242.0,1.183782739522163e-47
243.0,2.6463865445472365e-48
244.0,5.8592735363175894e-49
245.0,1.2848235366957839e-49
246.0,2.790309717627934e-50
247.0,6.001648500391133e-51
248.0,1.2784917161020417e-51
249.0,2.697332576126172e-52
250.0,5.636120810338537e-53
251.0,1.1663672236644573e-53
252.0,2.3905593887155186e-54
253.0,4.852583139119206e-55
254.0,9.75563738955837e-56
