0,5.472547635283326e-179
1,1.7387625522975435e-176
2,5.307857155274422e-174
3,1.556776961030621e-171
4,4.3869409195406453e-169
5,1.1877509767605914e-166
6,3.0897065073559754e-164
7,7.72213304064304e-162
8,1.8543237141317528e-159
9,4.278209481023746e-157
10,9.48345876184006e-155
11,2.019759664856901e-152
12,4.13295665549415e-150
13,8.125502476527711e-148
14,1.5348566638630632e-145
15,2.785567212483832e-143
16,4.857218947577054e-141
17,8.137480104608749e-139
18,1.3098465476446909e-136
19,2.0257186219919485e-134
20,3.00999685580375e-132
21,4.297156632361681e-130
22,5.894195642133221e-128
23,7.767765936045281e-126
24,9.835488500753817e-124
25,1.1965310141427854e-121
26,1.3985571111586615e-119
27,1.570596670049316e-117
28,1.6946396346332997e-115
29,1.7567835959097827e-113
30,1.749795906575513e-111
31,1.6744984336429953e-109
32,1.539608555458181e-107
33,1.360078911003591e-105
34,1.1543728879618598e-103
35,9.41361322343833e-102
36,7.375556657767115e-100
37,5.552153663198088e-98
38,4.015654795601173e-96
39,2.79048368034332e-94
40,1.863077079181056e-92
41,1.1951168774107574e-90
42,7.365770055119122e-89
43,4.361683566731786e-87
44,2.4815233943409687e-85
45,1.3564719368795187e-83
46,7.124124059092688e-82
47,3.594846532233639e-80
48,1.7428397489960224e-78
49,8.118256684185312e-77
50,3.633258698182591e-75
51,1.562277168166953e-73
52,6.454283988464177e-72
53,2.561924198284972e-70
54,9.770408048270261e-69
55,3.580035627319336e-67
56,1.2603472442148743e-65
57,4.263058618216304e-64
58,1.3854173218437046e-62
59,4.325816999537457e-61
60,1.2977286521360249e-59
61,3.7404845437718565e-58
62,1.0358575990202241e-56
63,2.756134890382661e-55
64,7.045780385261944e-54
65,1.7305571907559827e-52
66,4.083861744406789e-51
67,9.25943157006303e-50
68,2.017092630417911e-48
69,4.221779819351497e-47
70,8.489723327783683e-46
71,1.6402865190175375e-44
72,3.0449075754233542e-43
73,5.430711530633067e-42
74,9.306097000625016e-41
75,1.532168877091768e-39
76,2.4236724055278205e-38
77,3.6835741871983264e-37
78,5.3788959634223444e-36
79,7.546491523365828e-35
80,1.0172442728753007e-33
81,1.3174484748357129e-32
82,1.6393445657009263e-31
83,1.9599052326801892e-30
84,2.251272779163006e-29
85,2.4845594258648717e-28
86,2.6345040946914143e-27
87,2.683963391353561e-26
88,2.6271357753688248e-25
89,2.470680968636192e-24
90,2.2324361272718666e-23
91,1.938070784792878e-22
92,1.6165474187620652e-21
93,1.295494229153772e-20
94,9.974950236883991e-20
95,7.379283804833978e-19
96,5.2450050412197866e-18
97,3.581837072369201e-17
98,2.350141248304086e-16
99,1.481529568794183e-15
100,8.973356106895539e-15
101,5.221889807832509e-14
102,2.919636093605838e-13
103,1.5684040874252611e-12
104,8.094973431576681e-12
105,4.0142194480854685e-11
106,1.9125597614772003e-10
107,8.755019924875711e-10
108,3.850591820402842e-09
109,1.627144227482826e-08
110,6.606217018012097e-08
111,2.576960986882042e-07
112,9.658086078652267e-07
113,3.477783322710681e-06
114,1.2032120981076309e-05
115,3.999540328366339e-05
116,0.00012773390553846037
117,0.00039194986829341763
118,0.0011555349225028774
119,0.0032731344743213617
120,0.008907848910322926
121,0.02329217566091369
122,0.05851611597981384
123,0.14124372025047743
124,0.3275601224204628
125,0.7298626207203075
126,1.5624978930162845
127,3.213852783994759
128,6.351272389693404
129,12.059344983283507
130,21.999606881265926
131,38.55976177415587
132,64.93546945622262
133,105.06494751218519
134,163.328484322209
135,243.946300626967
136,350.06989312022046
137,482.6624445105049
138,639.3821018807158
139,813.7774711656417
140,995.1282856842352
141,1169.1781752716317
142,1319.8073714177858
143,1431.4250731727
144,1491.6087122916038
145,1493.3768794965363
146,1436.5215846885353
147,1327.6485005709883
148,1178.914429706833
149,1005.7954768897617
150,824.4518441772807
151,649.3055724395635
152,491.31631635925737
153,357.1917872467461
154,249.4996629301949
155,167.44287891670865
156,107.96714622370531
157,66.88747211310722
158,39.8131155412209
159,22.768570581680606
160,12.510468942907748
161,6.6044952569178275
162,3.3499158436542933
163,1.6325119981968659
164,0.7643760791213746
165,0.3438634482179159
166,0.14862544263604394
167,0.06172037113709034
168,0.024625900335004607
169,0.00944025937286673
170,0.0034769941245541653
171,0.001230416673206355
172,0.0004183393131620488
173,0.00013665746844561164
174,4.289101108712889e-05
175,1.2933838024496888e-05
176,3.747285410127236e-06
177,1.043120180024802e-06
178,2.789845436548069e-07
179,7.168927025952753e-08
180,1.7699312485596907e-08
181,4.19842940308519e-09
182,9.568536846771208e-10
183,2.0952335182132326e-10
184,4.4080605678726765e-11
185,8.910270611611544e-12
186,1.730463549311285e-12
187,3.228956825060588e-13
188,5.788822605133674e-14
189,9.97117790255303e-15
190,1.6501784427503283e-15
191,2.6238776158217243e-16
192,4.0085237451309054e-17
193,5.883741274057316e-18
194,8.297569421805188e-19
195,1.1242850681564368e-19
196,1.4636263230897084e-20
197,1.830679006181398e-21
198,2.199998635549846e-22
199,2.540158652401901e-23
200,2.817912439547807e-24
201,3.00346355677042e-25
202,3.075710532797812e-26
203,3.0261940553493294e-27
204,2.860726298553003e-28
205,2.5982687130387715e-29
206,2.2673576987036028e-30
207,1.9010092790244386e-31
208,1.5313577269318554e-32
209,1.1852154182449258e-33
210,8.813454189540343e-35
211,6.296848307685413e-36
212,4.322435601802483e-37
213,2.850769165760635e-38
214,1.8064410539311937e-39
215,1.0998001061219163e-40
216,6.43327239599995e-42
217,3.615583074068345e-43
218,1.9523288383364905e-44
219,1.0128749136649782e-45
220,5.048785049329754e-47
221,2.4179436089184485e-48
222,1.1125862176235848e-49
223,4.91868945719657e-51
224,2.0892641549867797e-52
225,8.526396469715037e-54
226,3.3432273704321545e-55
227,1.2594894236448562e-56
228,4.55880857967359e-58
229,1.5853910775132553e-59
230,5.2972404067478125e-61
231,1.7005569371229471e-62
232,5.24518598640113e-64
233,1.5543858276465647e-65
234,4.425730700826792e-67
235,1.2107078583427387e-68
236,3.1821596100298935e-70
237,8.035867692213069e-72
238,1.949718070572368e-73
239,4.545054307574477e-75
240,1.017969011316726e-76
241,2.1905756658498843e-78
242,4.529081972566508e-80
243,8.996846772948283e-82
244,1.717112254202176e-83
245,3.148728911903581e-85
246,5.5475353323405e-87
247,9.390594829615185e-89
248,1.527264824016789e-90
249,2.386513065819432e-92
250,3.5829562428926675e-94
251,5.168296407956715e-96
252,7.162778847035171e-98
253,9.537705150833409e-100
254,1.2202096726327076e-101
