0.0,1.204308
1.0,1.494006
2.0,1.845171
3.0,2.268772
4.0,2.777249
5.0,3.384610
6.0,4.106504
7.0,4.960274
8.0,5.964978
9.0,7.141375
10.0,8.511864
11.0,10.100370
12.0,11.932177
13.0,14.033691
14.0,16.432132
15.0,19.155158
16.0,22.230404
17.0,25.684954
18.0,29.544729
19.0,33.833821
20.0,38.573751
21.0,43.782697
22.0,49.474675
23.0,55.658716
24.0,62.338052
25.0,69.509325
26.0,77.161865
27.0,85.277050
28.0,93.827775
29.0,102.778073
30.0,112.082891
31.0,121.688064
32.0,131.530491
33.0,141.538537
34.0,151.632665
35.0,161.726294
36.0,171.726889
37.0,181.537259
38.0,191.057041
39.0,200.184351
40.0,208.817553
41.0,216.857118
42.0,224.207515
43.0,230.779087
44.0,236.489867
45.0,241.267279
46.0,245.049668
47.0,247.787625
48.0,249.445061
49.0,250.000000
50.0,249.117236
51.0,246.487601
52.0,242.166417
53.0,236.243729
54.0,228.841190
55.0,220.107905
56.0,210.215443
57.0,199.352245
58.0,187.717680
59.0,175.516020
60.0,162.950569
61.0,150.218193
62.0,137.504440
63.0,124.979403
64.0,112.794443
65.0,101.079829
66.0,89.943302
67.0,79.469538
68.0,69.720435
69.0,60.736117
70.0,52.536543
71.0,45.123575
72.0,38.483365
73.0,32.588931
74.0,27.402786
75.0,22.879518
76.0,18.968218
77.0,15.614704
78.0,12.763463
79.0,10.359309
80.0,8.348734
81.0,6.680946
82.0,5.308635
83.0,4.188469
84.0,3.281370
85.0,2.552600
86.0,1.971686
87.0,1.512239
88.0,1.151676
89.0,0.870900
90.0,0.653933
91.0,0.487558
92.0,0.360949
93.0,0.265335
94.0,0.193673
95.0,0.140369
96.0,0.101019
97.0,0.072187
98.0,0.051221
99.0,0.036088
100.0,0.025246
101.0,0.017537
102.0,0.012097
103.0,0.008285
104.0,0.005634
105.0,0.003805
106.0,0.002551
107.0,0.001698
108.0,0.001123
109.0,0.000737
110.0,0.000480
111.0,0.000311
112.0,0.000200
113.0,0.000128
114.0,0.000081
115.0,0.000051
116.0,0.000032
117.0,0.000020
118.0,0.000012
119.0,0.000007
120.0,0.000005
121.0,0.000003
122.0,0.000002
123.0,0.000001
124.0,0.000001
125.0,0.000000
126.0,0.000000
127.0,0.000000
128.0,0.000000
129.0,0.000000
130.0,0.000000
131.0,0.000000
132.0,0.000000
133.0,0.000000
134.0,0.000000
135.0,0.000000
136.0,0.000000
137.0,0.000000
138.0,0.000000
139.0,0.000000
140.0,0.000000
141.0,0.000000
142.0,0.000000
143.0,0.000000
144.0,0.000000
145.0,0.000000
146.0,0.000000
147.0,0.000000
148.0,0.000000
149.0,0.000000
150.0,0.000000
151.0,0.000000
152.0,0.000000
153.0,0.000000
154.0,0.000000
155.0,0.000000
156.0,0.000000
157.0,0.000000
158.0,0.000000
159.0,0.000000
160.0,0.000000
161.0,0.000000
162.0,0.000000
163.0,0.000000
164.0,0.000000
165.0,0.000000
166.0,0.000000
167.0,0.000000
168.0,0.000000
169.0,0.000000
170.0,0.000000
171.0,0.000000
172.0,0.000000
173.0,0.000000
174.0,0.000000
175.0,0.000000
176.0,0.000000
177.0,0.000000
178.0,0.000000
179.0,0.000000
180.0,0.000000
181.0,0.000000
182.0,0.000000
183.0,0.000000
184.0,0.000000
185.0,0.000000
186.0,0.000000
187.0,0.000000
188.0,0.000000
189.0,0.000000
190.0,0.000000
191.0,0.000000
192.0,0.000000
193.0,0.000000
194.0,0.000000
195.0,0.000000
196.0,0.000000
197.0,0.000000
198.0,0.000000
199.0,0.000000
200.0,0.000000
201.0,0.000000
202.0,0.000000
203.0,0.000000
204.0,0.000000
205.0,0.000000
206.0,0.000000
207.0,0.000000
208.0,0.000000
209.0,0.000000
210.0,0.000000
211.0,0.000000
212.0,0.000000
213.0,0.000000
214.0,0.000000
215.0,0.000000
216.0,0.000000
217.0,0.000000
218.0,0.000000
219.0,0.000000
220.0,0.000000
221.0,0.000000
222.0,0.000000
223.0,0.000000
224.0,0.000000
225.0,0.000000
226.0,0.000000
227.0,0.000000
228.0,0.000000
229.0,0.000000
230.0,0.000000
231.0,0.000000
232.0,0.000000
233.0,0.000000
234.0,0.000000
235.0,0.000000
236.0,0.000000
237.0,0.000000
238.0,0.000000
239.0,0.000000
240.0,0.000000
241.0,0.000000
242.0,0.000000
243.0,0.000000
244.0,0.000000
245.0,0.000000
246.0,0.000000
247.0,0.000000
248.0,0.000000
249.0,0.000000
250.0,0.000000
251.0,0.000000
252.0,0.000000
253.0,0.000000
254.0,0.000000
