0.0,1.6431492070217104
1.0,1.932912865241043
2.0,2.2847272681195365
3.0,2.713668124717748
4.0,3.259000847064863
5.0,4.0794820757198345
6.0,5.832385073477311
7.0,10.850427185836642
8.0,25.858544172905237
9.0,66.08146713756194
10.0,157.17569581417237
11.0,326.9811138662713
12.0,581.5945284347073
13.0,877.228478319473
14.0,1118.687760829064
15.0,1205.7339887713551
16.0,1206.490787150416
17.0,1203.5968310808341
18.0,1197.1428970544725
19.0,1187.2579363986185
20.0,1174.106567215682
21.0,1157.885889195315
22.0,1138.8216931513075
23.0,1117.1641531687524
24.0,1093.1831029598754
25.0,1067.1630089687865
26.0,1039.397760567991
27.0,1010.1854020812117
28.0,979.8229321837384
29.0,948.6012934238964
30.0,916.8006682463529
31.0,884.6861881668772
32.0,852.5041499488818
33.0,820.4788171690469
34.0,788.8098679285486
35.0,757.6705302391333
36.0,727.2064264165305
37.0,697.5351273084552
38.0,668.746397042057
39.0,640.9030898532667
40.0,614.0426430769523
41.0,588.179095089241
42.0,563.3055443762727
43.0,539.3969563306418
44.0,516.4132181064875
45.0,494.3023390306403
46.0,473.00369467538525
47.0,452.451216625041
48.0,432.5764369686993
49.0,413.31130626987294
50.0,394.26289021213813
51.0,375.0546445322514
52.0,355.6668056029385
53.0,336.10847664451956
54.0,316.4162346038879
55.0,296.65156403653873
56.0,276.89730231011725
57.0,257.25332048758855
58.0,237.83168994001815
59.0,218.75159518182394
60.0,200.13424878269936
61.0,182.09804566515376
62.0,164.75416368743225
63.0,148.20277784671958
64.0,132.530009847468
65.0,117.80568645620345
66.0,104.08193220582271
67.0,91.39257749791818
68.0,79.753324358461
69.0,69.16258078165289
70.0,59.60285181171672
71.0,51.04256163552537
72.0,43.43817572599199
73.0,36.73649468283859
74.0,30.877000646921093
75.0,25.794151530416528
76.0,21.41953619669284
77.0,17.683823538300658
78.0,14.518458659116698
79.0,11.857078795579636
80.0,9.636639205457925
81.0,7.798254295524235
82.0,6.28777132802677
83.0,5.056102984829649
84.0,4.059350952229678
85.0,3.2587557741287476
86.0,2.620508889233127
87.0,2.115461477139123
88.0,1.7187619742531168
89.0,1.4094503575965327
90.0,1.1700329651237535
91.0,0.9860570957264205
92.0,0.8457002080176252
93.0,0.739384435470497
94.0,0.6594235047234999
95.0,0.5997060668781193
96.0,0.5554169569013554
97.0,0.5227959697288127
98.0,0.4989323386607992
99.0,0.48159215790797877
100.0,0.4690754323700512
101.0,0.4600991871948384
102.0,0.4537030539130723
103.0,0.44917390265003637
104.0,0.4459863541219631
105.0,0.44375633417029237
106.0,0.44220519102910427
107.0,0.4411322543721493
108.0,0.4403940567188299
109.0,0.4398887501316576
110.0,0.43954452788500176
111.0,0.4393110995894105
112.0,0.4391534696803263
113.0,0.43904743569217347
114.0,0.4389763579185427
115.0,0.43892885999988684
116.0,0.4388972048604816
117.0,0.43887615621560006
118.0,0.4388621861964217
119.0,0.4388529276465617
120.0,0.4388467980021775
121.0,0.43884274258504896
122.0,0.4388400603989354
123.0,0.4388382865375883
124.0,0.43883711318849616
125.0,0.4388363367925213
126.0,0.4388358228318227
127.0,0.4388354824397685
128.0,0.43883525690411274
129.0,0.4388351074202833
130.0,0.4388350083256327
131.0,0.4388349426358258
132.0,0.43883489910089446
133.0,0.43883487026321544
134.0,0.43883485117566245
135.0,0.4388348385547407
136.0,0.43883483022046565
137.0,0.438834824725437
138.0,0.43883482110889754
139.0,0.4388348187334741
140.0,0.4388348171767008
141.0,0.4388348161588903
142.0,0.4388348154951546
143.0,0.43883481506348804
144.0,0.4388348147835433
145.0,0.4388348146025258
146.0,0.43883481448583056
147.0,0.43883481441083483
148.0,0.4388348143627906
149.0,0.43883481433211136
150.0,0.43883481431258475
151.0,0.43883481430019766
152.0,0.4388348142923658
153.0,0.43883481428743076
154.0,0.4388348142843316
155.0,0.4388348142823919
156.0,0.4388348142811821
157.0,0.4388348142804301
158.0,0.43883481427996424
159.0,0.43883481427967663
160.0,0.4388348142794998
161.0,0.4388348142793913
162.0,0.438834814279325
163.0,0.43883481427928467
164.0,0.4388348142792602
165.0,0.43883481427924537
166.0,0.43883481427923643
167.0,0.4388348142792311
168.0,0.4388348142792279
169.0,0.438834814279226
170.0,0.4388348142792249
171.0,0.4388348142792242
172.0,0.4388348142792238
173.0,0.43883481427922355
174.0,0.43883481427922344
175.0,0.43883481427922333
176.0,0.4388348142792233
177.0,0.4388348142792232
178.0,0.4388348142792232
179.0,0.4388348142792232
180.0,0.4388348142792232
181.0,0.4388348142792232
182.0,0.4388348142792232
183.0,0.4388348142792232
184.0,0.4388348142792232
185.0,0.4388348142792232
186.0,0.4388348142792232
187.0,0.4388348142792232
188.0,0.4388348142792232
189.0,0.4388348142792232
190.0,0.4388348142792232
191.0,0.4388348142792232
192.0,0.4388348142792232
193.0,0.4388348142792232
194.0,0.4388348142792232
195.0,0.4388348142792232
196.0,0.4388348142792232
197.0,0.4388348142792232
198.0,0.4388348142792232
199.0,0.4388348142792232
200.0,0.4388348142792232
201.0,0.4388348142792232
202.0,0.4388348142792232
203.0,0.4388348142792232
204.0,0.4388348142792232
205.0,0.4388348142792232
206.0,0.4388348142792232
207.0,0.4388348142792232
208.0,0.4388348142792232
209.0,0.4388348142792232
210.0,0.4388348142792232
211.0,0.4388348142792232
212.0,0.4388348142792232
213.0,0.4388348142792232
214.0,0.4388348142792232
215.0,0.4388348142792232
216.0,0.4388348142792232
217.0,0.4388348142792232
218.0,0.4388348142792232
219.0,0.4388348142792232
220.0,0.4388348142792232
221.0,0.4388348142792232
222.0,0.4388348142792232
223.0,0.4388348142792232
224.0,0.4388348142792232
225.0,0.4388348142792232
226.0,0.4388348142792232
227.0,0.4388348142792232
228.0,0.4388348142792232
229.0,0.4388348142792232
230.0,0.4388348142792232
231.0,0.4388348142792232
232.0,0.4388348142792232
233.0,0.4388348142792232
234.0,0.4388348142792232
235.0,0.4388348142792232
236.0,0.4388348142792232
237.0,0.4388348142792232
238.0,0.4388348142792232
239.0,0.4388348142792232
240.0,0.4388348142792232
241.0,0.4388348142792232
242.0,0.4388348142792232
243.0,0.4388348142792232
244.0,0.4388348142792232
245.0,0.4388348142792232
246.0,0.4388348142792232
247.0,0.4388348142792232
248.0,0.4388348142792232
249.0,0.4388348142792232
250.0,0.4388348142792232
251.0,0.4388348142792232
252.0,0.4388348142792232
253.0,0.4388348142792232
254.0,0.4388348142792232
