0.0,0.000006
1.0,0.000072
2.0,0.000721
3.0,0.006061
4.0,0.042917
5.0,0.256037
6.0,1.287046
7.0,5.451319
8.0,19.454731
9.0,58.501257
10.0,148.224997
11.0,316.441909
12.0,569.223517
13.0,862.755953
14.0,1101.816794
15.0,1186.139996
16.0,1183.821548
17.0,1177.473043
18.0,1167.159333
19.0,1152.985281
20.0,1135.093981
21.0,1113.664357
22.0,1088.908184
23.0,1061.066602
24.0,1030.406216
25.0,997.214849
26.0,961.797060
27.0,924.469518
28.0,885.556323
29.0,845.384386
30.0,804.278942
31.0,762.559289
32.0,720.534824
33.0,678.501445
34.0,636.738368
35.0,595.505402
36.0,555.040702
37.0,515.559033
38.0,477.250521
39.0,440.279904
40.0,404.786255
41.0,370.883142
42.0,338.659195
43.0,308.179035
44.0,279.484516
45.0,252.596225
46.0,227.515192
47.0,204.224757
48.0,182.692541
49.0,162.872471
50.0,144.706820
51.0,128.128208
52.0,113.061554
53.0,99.425913
54.0,87.136210
55.0,76.104824
56.0,66.243024
57.0,57.462241
58.0,49.675175
59.0,42.796740
60.0,36.744845
61.0,31.441018
62.0,26.810889
63.0,22.784540
64.0,19.296732
65.0,16.287023
66.0,13.699795
67.0,11.484204
68.0,9.594054
69.0,7.987629
70.0,6.627474
71.0,5.480152
72.0,4.515976
73.0,3.708729
74.0,3.035380
75.0,2.475799
76.0,2.012483
77.0,1.630285
78.0,1.316161
79.0,1.058935
80.0,0.849071
81.0,0.678473
82.0,0.540302
83.0,0.428799
84.0,0.339146
85.0,0.267321
86.0,0.209988
87.0,0.164388
88.0,0.128251
89.0,0.099716
90.0,0.077265
91.0,0.059665
92.0,0.045916
93.0,0.035215
94.0,0.026916
95.0,0.020502
96.0,0.015563
97.0,0.011774
98.0,0.008877
99.0,0.006670
100.0,0.004994
101.0,0.003727
102.0,0.002772
103.0,0.002054
104.0,0.001517
105.0,0.001117
106.0,0.000819
107.0,0.000599
108.0,0.000436
109.0,0.000317
110.0,0.000229
111.0,0.000165
112.0,0.000119
113.0,0.000085
114.0,0.000061
115.0,0.000043
116.0,0.000031
117.0,0.000022
118.0,0.000015
119.0,0.000011
120.0,0.000007
121.0,0.000005
122.0,0.000004
123.0,0.000003
124.0,0.000002
125.0,0.000001
126.0,0.000001
127.0,0.000001
128.0,0.000000
129.0,0.000000
130.0,0.000000
131.0,0.000000
132.0,0.000000
133.0,0.000000
134.0,0.000000
135.0,0.000000
136.0,0.000000
137.0,0.000000
138.0,0.000000
139.0,0.000000
140.0,0.000000
141.0,0.000000
142.0,0.000000
143.0,0.000000
144.0,0.000000
145.0,0.000000
146.0,0.000000
147.0,0.000000
148.0,0.000000
149.0,0.000000
150.0,0.000000
151.0,0.000000
152.0,0.000000
153.0,0.000000
154.0,0.000000
155.0,0.000000
156.0,0.000000
157.0,0.000000
158.0,0.000000
159.0,0.000000
160.0,0.000000
161.0,0.000000
162.0,0.000000
163.0,0.000000
164.0,0.000000
165.0,0.000000
166.0,0.000000
167.0,0.000000
168.0,0.000000
169.0,0.000000
170.0,0.000000
171.0,0.000000
172.0,0.000000
173.0,0.000000
174.0,0.000000
175.0,0.000000
176.0,0.000000
177.0,0.000000
178.0,0.000000
179.0,0.000000
180.0,0.000000
181.0,0.000000
182.0,0.000000
183.0,0.000000
184.0,0.000000
185.0,0.000000
186.0,0.000000
187.0,0.000000
188.0,0.000000
189.0,0.000000
190.0,0.000000
191.0,0.000000
192.0,0.000000
193.0,0.000000
194.0,0.000000
195.0,0.000000
196.0,0.000000
197.0,0.000000
198.0,0.000000
199.0,0.000000
200.0,0.000000
201.0,0.000000
202.0,0.000000
203.0,0.000000
204.0,0.000000
205.0,0.000000
206.0,0.000000
207.0,0.000000
208.0,0.000000
209.0,0.000000
210.0,0.000000
211.0,0.000000
212.0,0.000000
213.0,0.000000
214.0,0.000000
215.0,0.000000
216.0,0.000000
217.0,0.000000
218.0,0.000000
219.0,0.000000
220.0,0.000000
221.0,0.000000
222.0,0.000000
223.0,0.000000
224.0,0.000000
225.0,0.000000
226.0,0.000000
227.0,0.000000
228.0,0.000000
229.0,0.000000
230.0,0.000000
231.0,0.000000
232.0,0.000000
233.0,0.000000
234.0,0.000000
235.0,0.000000
236.0,0.000000
237.0,0.000000
238.0,0.000000
239.0,0.000000
240.0,0.000000
241.0,0.000000
242.0,0.000000
243.0,0.000000
244.0,0.000000
245.0,0.000000
246.0,0.000000
247.0,0.000000
248.0,0.000000
249.0,0.000000
250.0,0.000000
251.0,0.000000
252.0,0.000000
253.0,0.000000
254.0,0.000000
