0,0.000000
1,0.000000
2,0.000000
3,0.000000
4,0.000000
5,0.000000
6,0.000000
7,0.000000
8,0.000000
9,0.000000
10,0.000000
11,0.000000
12,0.000000
13,0.000000
14,0.000000
15,0.000000
16,0.000000
17,0.000000
18,0.000000
19,0.000000
20,0.000000
21,0.000000
22,0.000000
23,0.000000
24,0.000000
25,0.000000
26,0.000000
27,0.000000
28,0.000000
29,0.000000
30,0.000000
31,0.000000
32,0.000000
33,0.000000
34,0.000000
35,0.000000
36,0.000000
37,0.000000
38,0.000000
39,0.000000
40,0.000000
41,0.000000
42,0.000000
43,0.000000
44,0.000000
45,0.000000
46,0.000000
47,0.000000
48,0.000000
49,0.000000
50,0.000000
51,0.000000
52,0.000000
53,0.000000
54,0.000000
55,0.000000
56,0.000000
57,0.000000
58,0.000000
59,0.000000
60,0.000000
61,0.000000
62,0.000000
63,0.000000
64,0.000000
65,0.000000
66,0.000000
67,0.000000
68,0.000000
69,0.000000
70,0.000000
71,0.000000
72,0.000000
73,0.000000
74,0.000000
75,0.000000
76,0.000000
77,0.000000
78,0.000000
79,0.000000
80,0.000000
81,0.000000
82,0.000000
83,0.000000
84,0.000000
85,0.000000
86,0.000000
87,0.000000
88,0.000000
89,0.000000
90,0.000000
91,0.000000
92,0.000000
93,0.000000
94,0.000001
95,0.000001
96,0.000001
97,0.000002
98,0.000002
99,0.000003
100,0.000004
101,0.000005
102,0.000007
103,0.000009
104,0.000013
105,0.000017
106,0.000022
107,0.000029
108,0.000038
109,0.000050
110,0.000065
111,0.000085
112,0.000111
113,0.000144
114,0.000187
115,0.000241
116,0.000311
117,0.000399
118,0.000512
119,0.000655
120,0.000836
121,0.001064
122,0.001351
123,0.001711
124,0.002161
125,0.002724
126,0.003424
127,0.004293
128,0.005369
129,0.006699
130,0.008337
131,0.010350
132,0.012816
133,0.015831
134,0.019506
135,0.023973
136,0.029391
137,0.035943
138,0.043847
139,0.053354
140,0.064761
141,0.078410
142,0.094698
143,0.114085
144,0.137098
145,0.164342
146,0.196507
147,0.234381
148,0.278856
149,0.330943
150,0.391779
151,0.462639
152,0.544952
153,0.640306
154,0.750468
155,0.877386
156,1.023207
157,1.190284
158,1.381185
159,1.598701
160,1.845853
161,2.125892
162,2.442303
163,2.798802
164,3.199331
165,3.648046
166,4.149308
167,4.707663
168,5.327817
169,6.014610
170,6.772983
171,7.607933
172,8.524476
173,9.527588
174,10.622151
175,11.812893
176,13.104315
177,14.500622
178,16.005647
179,17.622766
180,19.354822
181,21.204037
182,23.171929
183,25.259228
184,27.465799
185,29.790560
186,32.231414
187,34.785185
188,37.447561
189,40.213050
190,43.074948
191,46.025315
192,49.054973
193,52.153515
194,55.309328
195,58.509643
196,61.740590
197,64.987281
198,68.233904
199,71.463839
200,74.659783
201,77.803901
202,80.877978
203,83.863592
204,86.742293
205,89.495789
206,92.106137
207,94.555936
208,96.828519
209,98.908143
210,100.780166
211,102.431222
212,103.849379
213,105.024281
214,105.947276
215,106.611520
216,107.012064
217,107.145912
218,107.012064
219,106.611520
220,105.947276
221,105.024281
222,103.849379
223,102.431222
224,100.780166
225,98.908143
226,96.828519
227,94.555936
228,92.106137
229,89.495789
230,86.742293
231,83.863592
232,80.877978
233,77.803901
234,74.659783
235,71.463839
236,68.233904
237,64.987281
238,61.740590
239,58.509643
240,55.309328
241,52.153515
242,49.054973
243,46.025315
244,43.074948
245,40.213050
246,37.447561
247,34.785185
248,32.231414
249,29.790560
250,27.465799
251,25.259228
252,23.171929
253,21.204037
254,19.354822
