0,3.000000000141535
1,3.0000000002404708
2,3.0000000004066063
3,3.0000000006842242
4,3.00000000114587
5,3.0000000019097866
6,3.0000000031677203
7,3.0000000052290328
8,3.0000000085903027
9,3.0000000140445593
10,3.0000000228517947
11,3.0000000370036926
12,3.000000059632411
13,3.000000095638383
14,3.0000001526492346
15,3.000000242476464
16,3.0000003833161353
17,3.0000006030553354
18,3.0000009442125743
19,3.0000014712786993
20,3.0000022815640612
21,3.000003521137134
22,3.0000054081130783
23,3.000008266489915
24,3.0000125750311337
25,3.000019037483938
26,3.000028682868584
27,3.000043007893193
28,3.000064178018797
29,3.000095309676603
30,3.0001408640718257
31,3.0002071934549086
32,3.000303294390997
33,3.0004418402514945
34,3.0006405878959685
35,3.000924282502349
36,3.0013272211286446
37,3.0018966814397507
38,3.002697478886875
39,3.0038179854249285
40,3.0053780276455617
41,3.0075391840702435
42,3.010518122279814
43,3.014603758293002
44,3.0201791844194963
45,3.027749498239752
46,3.0379768738735256
47,3.0517244453052075
48,3.070110816348215
49,3.094577266575934
50,3.126969978044909
51,3.169639851299976
52,3.2255626945188145
53,3.2984827360134417
54,3.393082502474324
55,3.515182093658539
56,3.6719707348426365
57,3.872273163922662
58,4.126852870788807
59,4.448753412007671
60,4.853677934826488
61,5.3604056262107544
62,5.991242027758436
63,6.772498010052091
64,7.734989680129811
65,8.914548623169008
66,10.352528698496759
67,12.09629219334792
68,14.199654589604835
69,16.723263656793623
70,19.73488522042736
71,23.30956497198258
72,27.529633316805473
73,32.48451875132141
74,38.27033488421278
75,44.989207228912164
76,52.74830854052259
77,61.658575957578975
78,71.83308969196514
79,83.38510156881442
80,96.42571233950315
81,111.06120925258016
82,127.39008962501583
83,145.4998117349892
84,165.46333075235978
85,187.33549400522475
86,211.14938591409637
87,236.9127275900887
88,264.6044485220087
89,294.17155709411657
90,325.526442046963
91,358.544737676134
92,393.0638809614677
93,428.8824785320112
94,465.76058524023694
95,503.4209742595782
96,541.5514514474999
97,579.8082349528863
98,617.8203857069046
99,655.1952368013953
100,691.5247313265638
101,726.3925406617504
102,759.3818002155151
103,790.0832689067236
104,818.1036938722433
105,843.0741443850283
106,864.6580698886162
107,882.5588371606424
108,896.5265112533378
109,906.3636639177608
110,911.9300211361948
111,913.224637744982
112,912.3743333438798
113,910.3481717988973
114,907.1541606008751
115,902.8048549333489
116,897.3172862955656
117,890.7128646275969
118,883.0172552262925
119,874.2602320200643
120,864.475509036004
121,853.7005521407987
122,841.9763733633674
123,829.3473103080801
124,815.8607933386311
125,801.5671033499144
126,786.5191230441917
127,770.7720846841113
128,754.3833173043269
129,737.4119963213323
130,719.9188983835669
131,701.9661641471815
132,683.617071443841
133,664.9358210231627
134,645.9873367023264
135,626.837081338844
136,607.5508895607379
137,588.1948176446462
138,568.835010331974
139,549.5375837239766
140,530.3685227090913
141,511.3935906634183
142,492.67824844444607
143,474.28757898848414
144,456.2862131462956
145,438.73825177422873
146,421.7071785671078
147,405.25575770318994
148,389.44591010030604
149,374.3385619853185
150,359.99345958420827
151,346.4689440726054
152,333.82168150731155
153,322.1063433034311
154,311.37523393695955
155,301.67786393813645
156,293.0604678856289
157,285.5654689936504
158,279.23089396972
159,274.0897440641395
160,270.1693305758474
161,267.4905854544725
162,266.06735996690054
163,265.90572659247823
164,267.00330128303165
165,269.34860487899067
166,272.9204837194929
167,277.68761023616037
168,283.6080845006085
169,290.6291572415462
170,298.68709371297604
171,307.7071959559752
172,317.603998452267
173,328.28164894390176
174,339.6344823427443
175,351.54779125646047
176,363.8987918209301
177,376.55777838304584
178,389.3894552736336
179,402.25442861434203
180,415.01083599133557
181,427.5160870824877
182,439.62868411995356
183,451.2100875721111
184,462.12658978555737
185,472.25115766211576
186,481.4652048500183
187,489.6602544594913
188,496.7394549888742
189,502.6189149452232
190,507.2288254990972
191,510.51434532332894
192,512.4362273901892
193,512.9711737692028
194,512.1119111826278
195,509.8669870232779
196,506.2602924966235
197,501.3303262919592
198,495.1292185000206
199,487.72154017742014
200,479.18292883646177
201,469.598564067864
202,459.0615303751449
203,447.6711060439152
204,435.5310174594962
205,422.74769773600224
206,409.42858688298156
207,395.68050810215124
208,381.60815129871605
209,367.3126906572831
210,352.8905583387163
211,338.43239118069494
212,324.0221619150625
213,309.73650103044974
214,295.64421018082305
215,281.80596312579024
216,268.27418572244875
217,255.09310258265563
218,242.2989347482156
219,229.920230175643
220,217.9783069894299
221,206.48778835835753
222,195.45720744826633
223,184.88966115952093
224,174.78349220218487
225,165.13298041610614
226,155.92902601591288
227,147.15980953561532
228,138.8114155656547
229,130.86840982047892
230,123.31436155617502
231,116.13230579275583
232,109.30514211225409
233,102.81596894169911
234,96.64835414211056
235,90.78654437678128
236,85.21561710316608
237,79.92158011362292
238,74.89142434303638
239,70.11313617753949
240,65.57567575762135
241,61.26892779657226
242,57.1836312616486
243,53.31129392349664
244,49.64409730343791
245,46.17479697218712
246,42.8966225100701
247,39.80318075810579
248,36.88836529858974
249,34.14627442662856
250,31.571139230068223
251,29.1572628000443
252,26.89897105959374
253,24.790575231261688
254,22.826345570793773
