0,1.9999999999999998
1,1.9999999999999998
2,1.9999999999999998
3,1.9999999999999998
4,1.9999999999999998
5,1.9999999999999998
6,1.9999999999999998
7,1.9999999999999998
8,1.9999999999999998
9,1.9999999999999998
10,1.9999999999999998
11,1.9999999999999998
12,1.9999999999999998
13,1.9999999999999998
14,1.9999999999999998
15,1.9999999999999998
16,1.9999999999999998
17,1.9999999999999998
18,1.9999999999999998
19,1.9999999999999998
20,1.9999999999999998
21,1.9999999999999998
22,1.9999999999999998
23,1.9999999999999998
24,1.9999999999999998
25,1.9999999999999998
26,1.9999999999999998
27,1.9999999999999998
28,1.9999999999999998
29,1.9999999999999998
30,1.9999999999999998
31,1.9999999999999998
32,1.9999999999999998
33,1.9999999999999998
34,1.9999999999999998
35,1.9999999999999998
36,1.9999999999999998
37,1.9999999999999998
38,1.9999999999999998
39,1.9999999999999998
40,1.9999999999999998
41,1.9999999999999998
42,1.9999999999999998
43,1.9999999999999998
44,1.9999999999999998
45,1.9999999999999998
46,1.9999999999999998
47,1.9999999999999998
48,1.9999999999999998
49,1.9999999999999998
50,1.9999999999999998
51,1.9999999999999998
52,1.9999999999999998
53,1.9999999999999998
54,2.0
55,2.0
56,2.000000000000001
57,2.0000000000000027
58,2.0000000000000075
59,2.000000000000021
60,2.000000000000054
61,2.0000000000001394
62,2.000000000000354
63,2.000000000000888
64,2.000000000002202
65,2.000000000005394
66,2.000000000013059
67,2.0000000000312452
68,2.0000000000738853
69,2.000000000172674
70,2.0000000003988294
71,2.0000000009104193
72,2.000000002053947
73,2.0000000045796313
74,2.000000010091725
75,2.000000021978289
76,2.0000000473059725
77,2.0000001006309795
78,2.0000002115636564
79,2.0000004395862336
80,2.0000009026944485
81,2.000001832023953
82,2.0000036746436565
83,2.000007284387524
84,2.000014271335195
85,2.0000276331218507
86,2.000052879715381
87,2.0001000096970643
88,2.000186934301457
89,2.000345326427425
90,2.0006304702665862
91,2.0011376100951885
92,2.0020286931427997
93,2.003575472585731
94,2.0062279453304726
95,2.010721374587158
96,2.0182410817877194
97,2.030672224315504
98,2.0509723488771736
99,2.0837180046955237
100,2.1358933208752897
101,2.2180080720022883
102,2.34565471344811
103,2.5416367205349233
104,2.838821825627758
105,3.2838896340902526
106,3.9421483718120447
107,4.903583456227277
108,6.290263232596127
109,8.265155964591198
110,11.042298754312325
111,14.898097066271337
112,20.18332026300731
113,27.335097303841057
114,36.8879189944434
115,49.48234048344353
116,65.86978280230745
117,86.91159862888439
118,113.5704471040726
119,146.89207135260455
120,187.97584328992102
121,237.93297442746234
122,297.83210796265803
123,368.63309409240054
124,451.1110554729415
125,545.7742780884489
126,652.7808781412554
127,771.8604290476399
128,902.2475988685894
129,1042.6351681840436
130,1191.1534247483762
131,1345.3817771685713
132,1502.3964913605712
133,1658.8558249385428
134,1811.1207114302986
135,1955.405813221635
136,2087.9525671720635
137,2205.2131611155014
138,2304.03255015838
139,2381.8149230851172
140,2436.6616197514036
141,2467.4693931494003
142,2473.9809617190645
143,2456.7837199718933
144,2417.256866727364
145,2357.471604021426
146,2280.0529845911733
147,2188.015025640612
148,2084.5825534275436
149,1973.0137348254175
150,1856.4363885625946
151,1737.7091070244944
152,1619.31524577557
153,1503.2943256734957
154,1391.2117500179306
155,1284.1643572212402
156,1182.8165345528873
157,1087.459639280882
158,998.0864230983723
159,914.4720306486012
160,836.2538374445351
161,763.0037238091993
162,694.2881218861671
163,629.7130826069822
164,568.9534669168104
165,511.7669895577007
166,457.99510843397263
167,407.5535924943174
168,360.41600790037404
169,316.5933756495438
170,276.112947942282
171,238.99851919352855
172,205.25402973635656
173,174.85152823858954
174,147.7239093775345
175,123.76229241701253
176,102.8174876558357
177,84.70472379570444
178,69.21067487754175
179,56.10181216883658
180,45.13318771660858
181,36.05690227748014
182,28.62969165441596
183,22.619256312171
184,17.809139098344215
185,14.002110724445757
186,11.022144207264175
187,8.715144939399728
188,6.948653894639296
189,5.610762087416053
190,4.608470915976224
191,3.8657121664603755
192,3.3212097478065887
193,2.9263283544403675
194,2.643016755239534
195,2.441918561770767
196,2.300693206686671
197,2.202565490226907
198,2.1351036319252765
199,2.0892129135124113
200,2.0583239721690267
201,2.0377506798001264
202,2.0241913713502027
203,2.015348078375907
204,2.009640624454438
205,2.0059953401260446
206,2.0036913046322886
207,2.0022501075104397
208,2.0013579504058767
209,2.000811375257388
210,2.000479972974501
211,2.000281105248869
212,2.0001629964889163
213,2.0000935717283737
214,2.0000531824264747
215,2.0000299260040566
216,2.0000166719496666
217,2.0000091956222565
218,2.0000050214937106
219,2.000002714824678
220,2.000001453140864
221,2.0000007700708857
222,2.0000004040273374
223,2.0000002098687895
224,2.000000107929961
225,2.0000000549532317
226,2.000000027701387
227,2.000000013825054
228,2.000000006831078
229,2.000000003341709
230,2.0000000016184716
231,2.000000000776066
232,2.000000000368425
233,2.0000000001731637
234,2.0000000000805787
235,2.0000000000371227
236,2.0000000000169322
237,2.0000000000076463
238,2.0000000000034186
239,2.000000000001513
240,2.000000000000663
241,2.0000000000002873
242,2.0000000000001235
243,2.0000000000000524
244,2.0000000000000218
245,2.000000000000009
246,2.0000000000000036
247,2.0000000000000013
248,2.0000000000000004
249,2.0
250,2.0
251,1.9999999999999998
252,1.9999999999999998
253,1.9999999999999998
254,1.9999999999999998
