0.0,38.332011459860745
1.0,42.47788349199671
2.0,47.026205028457014
3.0,52.010712119635826
4.0,57.46738966514964
5.0,63.434561889381335
6.0,69.95298034798819
7.0,77.0659086646886
8.0,84.81920313759387
9.0,93.26138829513522
10.0,102.44372642387235
11.0,112.42028003485777
12.0,123.2479661824779
13.0,134.9866015005942
14.0,147.69893677615443
15.0,161.4506798411001
16.0,176.3105055302297
17.0,192.35005142657585
18.0,209.64389809774875
19.0,228.26953251747628
20.0,248.3072933671573
21.0,269.84029692352743
22.0,292.9543422613697
23.0,317.7377945354208
24.0,344.28144515399407
25.0,372.67834771905285
26.0,403.0236286841729
27.0,435.4142717735358
28.0,469.9488753122271
29.0,506.727381740981
30.0,545.8507787272816
31.0,587.4207714393979
32.0,631.5394257203928
33.0,678.3087820850612
34.0,727.830440663623
35.0,780.2051174311886
36.0,835.532172290561
37.0,893.9091098168709
38.0,955.4310537244517
39.0,1020.1901963778662
40.0,1088.2752249383445
41.0,1159.7707260121701
42.0,1234.7565709467628
43.0,1313.307284200959
44.0,1395.491397495963
45.0,1481.3707927299458
46.0,1571.0000369096626
47.0,1664.4257126138025
48.0,1761.6857477522592
49.0,1862.8087486200052
50.0,1967.813340460822
51.0,2076.7075199517067
52.0,2189.4880241903575
53.0,2306.1397209127686
54.0,2426.635024782871
55.0,2550.933344678535
56.0,2678.9805669457096
57.0,2810.7085796025776
58.0,2946.0348424464078
59.0,3084.862007945425
60.0,3227.0775976851155
61.0,3372.5537389817905
62.0,3521.146966075246
63.0,3672.6980900667018
64.0,3827.032141477936
65.0,3983.9583889733153
66.0,4143.270437409205
67.0,4304.746407956617
68.0,4468.149202584838
69.0,4633.22685469873
70.0,4799.712967193225
71.0,4967.3272386287845
72.0,5135.776077644933
73.0,5304.7533051198
74.0,5473.940942956406
75.0,5643.0100877362565
76.0,5811.621866832883
77.0,5979.428473927856
78.0,6146.074280225184
79.0,6311.197017022769
80.0,6474.42902467775
81.0,6635.398562402019
82.0,6793.731172750959
83.0,6949.051094128331
84.0,7100.982714129019
85.0,7249.152056084196
86.0,7393.188290765934
87.0,7532.725264854717
88.0,7667.4030374784
89.0,7796.86941589849
90.0,7920.781481252817
91.0,8038.807095165132
92.0,8150.626378004394
93.0,8255.933149620681
94.0,8354.436323501728
95.0,8445.861245484073
96.0,8529.950968415118
97.0,8606.46745449563
98.0,8675.192697434362
99.0,8735.929757014765
100.0,8788.503699204695
101.0,8832.762435529627
102.0,8868.5774560733
103.0,8895.84445116188
104.0,8914.483817522621
105.0,8924.44104547965
106.0,8925.474754945946
107.0,8915.155609389945
108.0,8892.837445437339
109.0,8858.610431948659
110.0,8812.61255784727
111.0,8755.028705350896
112.0,8686.089412032168
113.0,8606.069333307418
114.0,8515.285419702373
115.0,8414.09482582057
116.0,8302.892570315684
117.0,8182.108968315343
118.0,8052.206859637818
119.0,7913.678657764267
120.0,7767.043245861929
121.0,7612.84274718551
122.0,7451.639197907498
123.0,7284.01115083938
124.0,7110.550238605529
125.0,6931.857724624547
126.0,6748.541069747967
127.0,6561.210541615845
128.0,6370.475892729152
129.0,6176.943131929126
130.0,5981.2114124360405
131.0,5783.870057858817
132.0,5585.495745668964
133.0,5386.649865565803
134.0,5187.87606797393
135.0,4989.698015638502
136.0,4792.617348949079
137.0,4597.11187325855
138.0,4403.633974099104
139.0,4212.6092638605905
140.0,4024.435461214433
141.0,3839.4815023636806
142.0,3658.086881099393
143.0,3480.5612126661367
144.0,3307.184014602778
145.0,3138.2046960444713
146.0,2973.8427454603575
147.0,2814.2881054687473
148.0,2659.7017222245463
149.0,2510.2162559164694
150.0,2365.9369381457527
151.0,2226.94256138248
152.0,2093.2865853067497
153.0,1964.9983446339531
154.0,1842.0843429886015
155.0,1724.529617519738
156.0,1612.2991592318567
157.0,1505.3393744258533
158.0,1403.5795731912776
159.0,1306.9334715496761
160.0,1215.3006946041935
161.0,1128.5682688875984
162.0,1046.6120930042803
163.0,969.298376616443
164.0,896.4850388159226
165.0,828.0230579366511
166.0,763.757765885345
167.0,703.5300810868507
168.0,647.1776751442196
169.0,594.5360692913608
170.0,545.439657658737
171.0,499.722655271694
172.0,457.2199695497271
173.0,417.76799486744864
174.0,381.20533046961185
175.0,347.3734226998844
176.0,316.11713310377064
177.0,287.28523449892924
178.0,260.7308375708323
179.0,236.31175094886711
180.0,213.8907780490492
181.0,193.33595423662862
182.0,174.52072806782868
183.0,157.32409051803788
184.0,141.63065619775938
185.0,127.33070060154519
186.0,114.3201574333649
187.0,102.50058000885969
188.0,91.77907065528913
189.0,82.06818191828592
190.0,73.28579324532382
191.0,65.35496665350699
192.0,58.20378470815939
193.0,51.76517394279376
194.0,45.97671664418818
195.0,40.78045371203396
196.0,36.122681084210285
197.0,31.95374199913833
198.0,28.22781714851309
199.0,24.90271455933977
200.0,21.939660835627055
201.0,19.303095189032405
202.0,16.960467495629647
203.0,14.882041433929002
204.0,13.040703588196049
205.0,11.411779241634756
206.0,9.972855436529697
207.0,8.703611743199133
208.0,7.58565905662649
209.0,6.60238662878379
210.0,5.738817445676904
211.0,4.981471970645875
212.0,4.318240198970192
213.0,3.7382619028038797
214.0,3.2318148892852494
215.0,2.790211047674771
216.0,2.4056999228851104
217.0,2.0713795220792983
218.0,1.7811140374209378
219.0,1.5294581508659661
220.0,1.311587575405313
221.0,1.1232354807410871
222.0,0.9606344493737984
223.0,0.8204636108948793
224.0,0.6998006073560754
225.0,0.5960780504015314
226.0,0.507044140917963
227.0,0.4307271338427307
228.0,0.3654033440698613
229.0,0.30956840375248873
230.0,0.2619114963985867
231.0,0.2212923087154905
232.0,0.18672045693415437
233.0,0.1573371601270281
234.0,0.13239894864655877
235.0,0.11126321110650189
236.0,0.09337539818442626
237.0,0.07825771584412367
238.0,0.06549915428621139
239.0,0.05474671197845757
240.0,0.045697686455870724
241.0,0.03809291519077704
242.0,0.03171086070424917
243.0,0.0263624442224149
244.0,0.021886541583601166
245.0,0.018146063791609893
246.0,0.015024552609375397
247.0,0.012423228923185954
248.0,0.010258438311493916
249.0,0.008459444357526418
250.0,0.006966525786528839
251.0,0.005729338522498246
252.0,0.0047055082819116145
253.0,0.003859423389164781
254.0,0.003161201145429014
