0.0,0.068399
1.0,0.079639
2.0,0.092630
3.0,0.107629
4.0,0.124925
5.0,0.144851
6.0,0.167779
7.0,0.194135
8.0,0.224398
9.0,0.259109
10.0,0.298877
11.0,0.344390
12.0,0.396422
13.0,0.455840
14.0,0.523619
15.0,0.600851
16.0,0.688757
17.0,0.788702
18.0,0.902211
19.0,1.030983
20.0,1.176909
21.0,1.342092
22.0,1.528868
23.0,1.739825
24.0,1.977832
25.0,2.246059
26.0,2.548010
27.0,2.887547
28.0,3.268926
29.0,3.696828
30.0,4.176394
31.0,4.713264
32.0,5.313616
33.0,5.984207
34.0,6.732419
35.0,7.566303
36.0,8.494630
37.0,9.526936
38.0,10.673580
39.0,11.945795
40.0,13.355743
41.0,14.916577
42.0,16.642492
43.0,18.548792
44.0,20.651946
45.0,22.969651
46.0,25.520895
47.0,28.326016
48.0,31.406762
49.0,34.786354
50.0,38.489542
51.0,42.542662
52.0,46.973687
53.0,51.812283
54.0,57.089847
55.0,62.839557
56.0,69.096402
57.0,75.897213
58.0,83.280688
59.0,91.287405
60.0,99.959828
61.0,109.342303
62.0,119.481046
63.0,130.424115
64.0,142.221370
65.0,154.924427
66.0,168.586588
67.0,183.262761
68.0,199.009362
69.0,215.884207
70.0,233.946373
71.0,253.256057
72.0,273.874405
73.0,295.863326
74.0,319.285284
75.0,344.203078
76.0,370.679594
77.0,398.777538
78.0,428.559156
79.0,460.085926
80.0,493.418240
81.0,528.615060
82.0,565.733563
83.0,604.828765
84.0,645.953137
85.0,689.156198
86.0,734.484105
87.0,781.979229
88.0,831.679725
89.0,883.619093
90.0,937.825743
91.0,994.322549
92.0,1053.126418
93.0,1114.247857
94.0,1177.690544
95.0,1243.450924
96.0,1311.517806
97.0,1381.871990
98.0,1454.485906
99.0,1529.323285
100.0,1606.338860
101.0,1685.478089
102.0,1766.676926
103.0,1849.861627
104.0,1934.948591
105.0,2021.844257
106.0,2110.445042
107.0,2200.637334
108.0,2292.297530
109.0,2385.292140
110.0,2479.477938
111.0,2574.702177
112.0,2670.802861
113.0,2767.609075
114.0,2864.941378
115.0,2962.612251
116.0,3060.426612
117.0,3158.182375
118.0,3255.671083
119.0,3352.678577
120.0,3448.985728
121.0,3544.369215
122.0,3638.602344
123.0,3731.455913
124.0,3822.699110
125.0,3912.100442
126.0,3999.428697
127.0,4084.453922
128.0,4166.948416
129.0,4246.687737
130.0,4323.451710
131.0,4397.025434
132.0,4467.200278
133.0,4533.774862
134.0,4596.556019
135.0,4655.359726
136.0,4710.012000
137.0,4760.349757
138.0,4806.221619
139.0,4847.488675
140.0,4884.025180
141.0,4915.719193
142.0,4942.473149
143.0,4964.204361
144.0,4980.845442
145.0,4992.344656
146.0,4998.666186
147.0,4999.790316
148.0,4995.713541
149.0,4986.448576
150.0,4972.024299
151.0,4952.485594
152.0,4927.893121
153.0,4898.323004
154.0,4863.866434
155.0,4824.629205
156.0,4780.731171
157.0,4732.305635
158.0,4679.498676
159.0,4622.468417
160.0,4561.384232
161.0,4496.425914
162.0,4427.782789
163.0,4355.652805
164.0,4280.241578
165.0,4201.761420
166.0,4120.430352
167.0,4036.471093
168.0,3950.110061
169.0,3861.576357
170.0,3771.100773
171.0,3678.914796
172.0,3585.249650
173.0,3490.335345
174.0,3394.399766
175.0,3297.667797
176.0,3200.360476
177.0,3102.694202
178.0,3004.879982
179.0,2907.122735
180.0,2809.620644
181.0,2712.564562
182.0,2616.137479
183.0,2520.514048
184.0,2425.860164
185.0,2332.332606
186.0,2240.078746
187.0,2149.236304
188.0,2059.933170
189.0,1972.287284
190.0,1886.406564
191.0,1802.388899
192.0,1720.322184
193.0,1640.284406
194.0,1562.343781
195.0,1486.558932
196.0,1412.979103
197.0,1341.644418
198.0,1272.586166
199.0,1205.827122
200.0,1141.381894
201.0,1079.257290
202.0,1019.452706
203.0,961.960537
204.0,906.766589
205.0,853.850514
206.0,803.186239
207.0,754.742411
208.0,708.482832
209.0,664.366902
210.0,622.350045
211.0,582.384146
212.0,544.417959
213.0,508.397519
214.0,474.266537
215.0,441.966776
216.0,411.438422
217.0,382.620423
218.0,355.450828
219.0,329.867094
220.0,305.806378
221.0,283.205813
222.0,262.002762
223.0,242.135047
224.0,223.541171
225.0,206.160505
226.0,189.933468
227.0,174.801682
228.0,160.708111
229.0,147.597182
230.0,135.414889
231.0,124.108878
232.0,113.628523
233.0,103.924981
234.0,94.951237
235.0,86.662135
236.0,79.014395
237.0,71.966624
238.0,65.479315
239.0,59.514831
240.0,54.037390
241.0,49.013036
242.0,44.409606
243.0,40.196693
244.0,36.345596
245.0,32.829280
246.0,29.622315
247.0,26.700828
248.0,24.042439
249.0,21.626210
250.0,19.432576
251.0,17.443291
252.0,15.641361
253.0,14.010988
254.0,12.537503
