0.0,0.693184
1.0,2.751776
2.0,9.715272
3.0,30.502247
4.0,85.158530
5.0,211.415950
6.0,466.721707
7.0,916.194661
8.0,1599.287446
9.0,2482.413837
10.0,3426.343312
11.0,4205.301465
12.0,4589.593138
13.0,4600.928743
14.0,4579.464493
15.0,4541.105191
16.0,4486.315834
17.0,4415.753700
18.0,4330.260056
19.0,4230.849165
20.0,4118.694836
21.0,3995.114658
22.0,3861.552061
23.0,3719.556241
24.0,3570.759926
25.0,3416.854902
26.0,3259.565179
27.0,3100.617713
28.0,2941.710708
29.0,2784.479696
30.0,2630.461866
31.0,2481.059509
32.0,2337.503775
33.0,2200.820427
34.0,2071.799561
35.0,1950.971557
36.0,1838.591537
37.0,1734.634471
38.0,1638.802588
39.0,1550.546092
40.0,1469.097197
41.0,1393.516467
42.0,1322.749258
43.0,1255.689072
44.0,1191.243743
45.0,1128.399917
46.0,1066.281182
47.0,1004.195593
48.0,944.560483
49.0,889.901185
50.0,839.840799
51.0,793.998944
52.0,751.998297
53.0,713.470246
54.0,678.059646
55.0,645.428694
56.0,615.259958
57.0,587.258602
58.0,561.153885
59.0,536.699994
60.0,513.676288
61.0,491.887035
62.0,471.160724
63.0,451.349023
64.0,432.325464
65.0,413.983917
66.0,396.236926
67.0,379.013950
68.0,362.259568
69.0,345.931692
70.0,329.999809
71.0,314.443303
72.0,299.249853
73.0,284.413953
74.0,269.935532
75.0,255.818719
76.0,242.070719
77.0,228.700832
78.0,215.719589
79.0,203.138011
80.0,190.966992
81.0,179.216779
82.0,167.896559
83.0,157.014132
84.0,146.575675
85.0,136.585571
86.0,127.046303
87.0,117.958414
88.0,109.320501
89.0,101.129262
90.0,93.379569
91.0,86.064572
92.0,79.175820
93.0,72.703406
94.0,66.636112
95.0,60.961572
96.0,55.666432
97.0,50.736510
98.0,46.156956
99.0,41.912405
100.0,37.987127
101.0,34.365165
102.0,31.030462
103.0,27.966987
104.0,25.158836
105.0,22.590336
106.0,20.246129
107.0,18.111248
108.0,16.171181
109.0,14.411926
110.0,12.820035
111.0,11.382646
112.0,10.087512
113.0,8.923016
114.0,7.878182
115.0,6.942680
116.0,6.106818
117.0,5.361540
118.0,4.698409
119.0,4.109593
120.0,3.587844
121.0,3.126475
122.0,2.719337
123.0,2.360792
124.0,2.045687
125.0,1.769324
126.0,1.527433
127.0,1.316145
128.0,1.131963
129.0,0.971733
130.0,0.832623
131.0,0.712093
132.0,0.607872
133.0,0.517933
134.0,0.440476
135.0,0.373901
136.0,0.316795
137.0,0.267909
138.0,0.226143
139.0,0.190530
140.0,0.160226
141.0,0.134489
142.0,0.112675
143.0,0.094223
144.0,0.078645
145.0,0.065520
146.0,0.054483
147.0,0.045221
148.0,0.037463
149.0,0.030978
150.0,0.025567
151.0,0.021062
152.0,0.017319
153.0,0.014214
154.0,0.011644
155.0,0.009521
156.0,0.007770
157.0,0.006329
158.0,0.005146
159.0,0.004176
160.0,0.003383
161.0,0.002735
162.0,0.002207
163.0,0.001778
164.0,0.001429
165.0,0.001147
166.0,0.000919
167.0,0.000735
168.0,0.000586
169.0,0.000467
170.0,0.000371
171.0,0.000295
172.0,0.000233
173.0,0.000184
174.0,0.000146
175.0,0.000115
176.0,0.000090
177.0,0.000071
178.0,0.000055
179.0,0.000043
180.0,0.000034
181.0,0.000026
182.0,0.000020
183.0,0.000016
184.0,0.000012
185.0,0.000009
186.0,0.000007
187.0,0.000006
188.0,0.000004
189.0,0.000003
190.0,0.000003
191.0,0.000002
192.0,0.000001
193.0,0.000001
194.0,0.000001
195.0,0.000001
196.0,0.000000
197.0,0.000000
198.0,0.000000
199.0,0.000000
200.0,0.000000
201.0,0.000000
202.0,0.000000
203.0,0.000000
204.0,0.000000
205.0,0.000000
206.0,0.000000
207.0,0.000000
208.0,0.000000
209.0,0.000000
210.0,0.000000
211.0,0.000000
212.0,0.000000
213.0,0.000000
214.0,0.000000
215.0,0.000000
216.0,0.000000
217.0,0.000000
218.0,0.000000
219.0,0.000000
220.0,0.000000
221.0,0.000000
222.0,0.000000
223.0,0.000000
224.0,0.000000
225.0,0.000000
226.0,0.000000
227.0,0.000000
228.0,0.000000
229.0,0.000000
230.0,0.000000
231.0,0.000000
232.0,0.000000
233.0,0.000000
234.0,0.000000
235.0,0.000000
236.0,0.000000
237.0,0.000000
238.0,0.000000
239.0,0.000000
240.0,0.000000
241.0,0.000000
242.0,0.000000
243.0,0.000000
244.0,0.000000
245.0,0.000000
246.0,0.000000
247.0,0.000000
248.0,0.000000
249.0,0.000000
250.0,0.000000
251.0,0.000000
252.0,0.000000
253.0,0.000000
254.0,0.000000
