0,1.5334156668567555e-17
1,3.0163191369021674e-17
2,5.9022068623901e-17
3,1.1488711079651047e-16
4,2.2245795107167567e-16
5,4.28493562625134e-16
6,8.210326245413222e-16
7,1.5649348830675975e-15
8,2.9672345133485645e-15
9,5.596637992099144e-15
10,1.0500798010971775e-14
11,1.959914549336672e-14
12,3.6389133394883166e-14
13,6.72087832551283e-14
14,1.2348098834377346e-13
15,2.2568043212077688e-13
16,4.103056113101425e-13
17,7.420629558788579e-13
18,1.33503850395204e-12
19,2.389277397724416e-12
20,4.253624041720474e-12
21,7.53305907254152e-12
22,1.32709920218524e-11
23,2.3257077869194226e-11
24,4.0544005279641856e-11
25,7.031012927119295e-11
26,1.212910866644344e-10
27,2.0814195117006204e-10
28,3.5531218369385415e-10
29,6.033652889117511e-10
30,1.0192255172121136e-09
31,1.7126948746236834e-09
32,2.862921578579598e-09
33,4.7605666485876234e-09
34,7.874583479573867e-09
35,1.2957352594602024e-08
36,2.1209220456888184e-08
37,3.4534476710659e-08
38,5.593720945461068e-08
39,9.012981050517037e-08
40,1.4446274504647118e-07
41,2.303366317742337e-07
42,3.653338424056578e-07
43,5.764166820771882e-07
44,9.046965241913204e-07
45,1.412501917972981e-06
46,2.19378930298236e-06
47,3.3893820623874914e-06
48,5.209138238977365e-06
49,7.963995074792786e-06
50,1.2111999009371885e-05
51,1.8324005539121847e-05
52,2.7576855662685893e-05
53,4.128467038431164e-05
54,6.148265891182643e-05
55,9.108276463152065e-05
56,0.0001342268849420957
57,0.0001967716659410185
58,0.0002869494241215887
59,0.000416263082906793
60,0.0006006896915772493
61,0.0008622877288274227
62,0.001231328626414442
63,0.0017491034267922605
64,0.002471591818494247
65,0.003474223480337209
66,0.004858011037367426
67,0.006757390036775808
68,0.00935016384082619
69,0.01287001931596927
70,0.017622151083072028
71,0.02400260542237241
72,0.03252202619162836
73,0.04383454959833197
74,0.05877264629633857
75,0.0783887405383886
76,0.10400443802681233
77,0.1372681562943643
78,0.180221862362023
79,0.23537746968754758
80,0.30580321739043226
81,0.3952200372407357
82,0.508107497183222
83,0.6498183860692787
84,0.8267003685354563
85,1.0462223927166203
86,1.317102684706935
87,1.649434228708696
88,2.054802636575344
89,2.5463902914670284
90,3.1390596551405943
91,3.8494077153950226
92,4.6957827876648
93,5.698254348920162
94,6.878526354118078
95,8.25978464767529
96,9.86646971304166
97,11.723967170847544
98,13.858210192428114
99,16.29519036998553
100,19.060376576990805
101,22.17804492719274
102,25.670527022629706
103,29.557388152836985
104,33.85455180894428
105,38.57339160753469
106,43.71981624572591
107,49.293377171415294
108,55.286431978293166
109,61.68339885294601
110,68.4601384583962
111,75.5834992183053
112,83.01105990650537
113,90.69109965594191
114,98.56281997253659
115,106.55683616044624
116,114.59594692255786
117,122.59618107875238
118,130.46810971977476
119,138.1184011377518
120,145.45158505227016
121,152.37198251994803
122,158.78574901218303
123,164.60297097521345
124,169.73975119049516
125,174.1202157806384
126,177.67837598788725
127,180.3597809828913
128,182.12290388836806
129,182.94021172289155
130,182.95742053175718
131,182.72436014029483
132,182.2889407995376
133,181.65261062563604
134,180.81748176867666
135,179.78631873240258
136,178.56252312797417
137,177.150114979441
138,175.55371072470413
139,173.77849808043464
140,171.8302079624443
141,169.71508367415734
142,167.43984759491823
143,165.01166561671576
144,162.43810959236777
145,159.72711807017566
146,156.88695559943972
147,153.92617089796408
148,150.85355417675297
149,147.67809391850258
150,144.40893340526554
151,141.05532728686228
152,137.6265984753238
153,134.13209564199138
154,130.5811515829994
155,126.98304270589296
156,123.34694987525559
157,119.68192083864015
158,115.996834436013
159,112.30036677656025
160,108.60095954628655
161,104.90679058859914
162,101.22574687824024
163,97.56539998674735
164,93.93298411530961
165,90.33537674867462
166,86.77908196185561
167,83.27021639000198
168,79.81449785111182
169,76.41723659146434
170,73.08332910488899
171,69.81725445941092
172,66.62307304854136
173,63.50442766962028
174,60.46454681825441
175,57.50625007608606
176,54.63195545892801
177,51.843688583725346
178,49.14309350587037
179,46.531445073083056
180,44.009662638354044
181,41.57832497228158
182,39.23768621446178
183,36.9876927043393
184,34.828000534011025
185,32.757993668804374
186,30.776802485923078
187,28.883322586958446
188,27.076233746490427
189,25.354018866232945
190,23.714982812095087
191,22.157271020013912
192,20.678887765349888
193,19.27771399990689
194,17.95152467013409
195,16.698005439681364
196,15.51476874911162
197,14.399369155129147
198,13.34931790107545
199,12.362096679594593
200,11.435170557206453
201,10.566000038987541
202,9.752052259589204
203,8.990811294378053
204,8.279787591525096
205,7.616526532369927
206,6.998616133323318
207,6.423693907932383
208,5.8894529125111
209,5.393647002935505
210,4.9340953338247555
211,4.508686134387823
212,4.115379797728868
213,3.7522113223934674
214,3.4172921464282955
215,3.1088114152471564
216,2.8250367251773456
217,2.5643143847351246
218,2.3250692354820766
219,2.1058040737804435
220,1.90509871393084
221,1.7216087320755618
222,1.5540639289201679
223,1.4012665477992816
224,1.2620892829227746
225,1.1354731108173877
226,1.020424976056154
227,0.9160153603722642
228,0.8213757622110056
229,0.735696111707461
230,0.6582221440104994
231,0.5882527518250268
232,0.5251373360317997
233,0.46827317128287604
234,0.4171028015738952
235,0.3711114789731159
236,0.32982465695058144
237,0.29280554810611176
238,0.25965275454770803
239,0.22999797772611405
240,0.2035038131892618
241,0.1798616344830769
242,0.15878956929253332
243,0.14003056988765253
244,0.12335057901118272
245,0.1085367915149621
246,0.09539601131683344
247,0.08375310260518229
248,0.07344953365908707
249,0.0643420111736644
250,0.05630120257725445
251,0.0492105434942018
252,0.04296512723870342
253,0.03747067301604228
254,0.03264256935210855
