0,1.387559092473982e-20
1,2.313580107566936e-20
2,3.8479716099399947e-20
3,6.384008265718267e-20
4,1.0564994758007806e-19
5,1.7440518610896985e-19
6,2.8718633268458503e-19
7,4.717179521143193e-19
8,7.728857585083425e-19
9,1.263171938266519e-18
10,2.059320283555957e-18
11,3.3488800245656167e-18
12,5.432372532042208e-18
13,8.790098951494446e-18
14,1.4187708184255763e-17
15,2.2842571566200957e-17
16,3.668529409558549e-17
17,5.876967372688439e-17
18,9.391367121064587e-17
19,1.4969890382405508e-16
20,2.3802506158717433e-16
21,3.775209141643012e-16
22,5.972739996047058e-16
23,9.42584875561956e-16
24,1.4838212558228816e-15
25,2.330005644092806e-15
26,3.649611377222845e-15
27,5.7023062024376465e-15
28,8.887276880360481e-15
29,1.3816598923978025e-14
30,2.1426333221710052e-14
31,3.3144297805383976e-14
32,5.114274731812883e-14
33,7.871790900322663e-14
34,1.20858530230332e-13
35,1.8509527452261817e-13
36,2.8276627978180494e-13
37,4.30897692670454e-13
38,6.549904726338321e-13
39,9.931390554413443e-13
40,1.5021019255856909e-12
41,2.266224907908971e-12
42,3.410522177999523e-12
43,5.119800180020987e-12
44,7.666540042662489e-12
45,1.1451439137311203e-11
46,1.7062198644872254e-11
47,2.5358536298069194e-11
48,3.759478751818118e-11
49,5.559623098672328e-11
50,8.201198629821203e-11
51,1.206767412808561e-10
52,1.771267204127529e-10
53,2.5933363816428884e-10
54,3.787458542731866e-10
55,5.517612369520054e-10
56,8.018049797883347e-10
57,1.162252731731949e-09
58,1.6805315328368403e-09
59,2.423857142766799e-09
60,3.487238394374658e-09
61,5.004613224546631e-09
62,7.16429837083591e-09
63,1.0230363703473457e-08
64,1.457212026061772e-08
65,2.0704687666825075e-08
66,2.9344646628404822e-08
67,4.1486170551136234e-08
68,5.8504877800581056e-08
69,8.229909670363656e-08
70,1.154814755174328e-07
71,1.6163813981847654e-07
72,2.2567820929827636e-07
73,3.143038307635514e-07
74,4.3664046939189163e-07
75,6.050796679771891e-07
76,8.364026467199746e-07
77,1.1532739988407039e-06
78,1.586221626904515e-06
79,2.176253570981101e-06
80,2.9783065077338655e-06
81,4.065776936332953e-06
82,5.536457484440035e-06
83,7.520291142620404e-06
84,1.0189470192383216e-05
85,1.3771549766387981e-05
86,1.8566425203560443e-05
87,2.4968245886520643e-05
88,3.349361598257431e-05
89,4.481777629354574e-05
90,5.982088532966356e-05
91,7.96470383996658e-05
92,0.00010577930051604166
93,0.00014013480511265342
94,0.00018518491251399437
95,0.0002441065604190629
96,0.0003209723084783957
97,0.0004209882202918024
98,0.0005507906839202505
99,0.0007188155967469771
100,0.0009357560881982344
101,0.001215128185873842
102,0.0015739676137235246
103,0.002033685316497877
104,0.0026211144082638103
105,0.003369787122610869
106,0.004321487077843177
107,0.005528129840640308
108,0.007054033451491093
109,0.008978650332814142
110,0.011399842893167289
111,0.01443779720942579
112,0.01823968243265809
113,0.022985178013680736
114,0.02889300643613493
115,0.03622862578946213
116,0.045313254069236815
117,0.056534415352946885
118,0.07035821668754313
119,0.08734358327971545
120,0.10815869794636723
121,0.13359990820372475
122,0.16461338018014107
123,0.20231979194286664
124,0.24804236892298293
125,0.30333856987090846
126,0.37003573202075757
127,0.45027097761294066
128,0.5465356692449689
129,0.6617246772292893
130,0.7991906867130468
131,0.9628037242096266
132,1.1570160208710432
133,1.3869322518222162
134,1.6583850958320447
135,1.978015946347917
136,2.353360472565996
137,2.7929385771851707
138,3.306348125659228
139,3.9043616304929607
140,4.599024864397985
141,5.403756149593681
142,6.333444829633934
143,7.40454717812194
144,8.635177739693571
145,10.045193837779491
146,11.656270726909712
147,13.4919646216347
148,15.577760607308914
149,17.941102238608277
150,20.611399468986324
151,23.62001143806414
152,27.00020058423442
153,30.787054556612407
154,35.017372483704634
155,39.72951232502842
156,44.963196294699
157,50.75927170969288
158,57.15942508537103
159,64.20584788008634
160,71.94085298001171
161,80.40644181259192
162,89.64382287700094
163,99.69288347405211
164,110.59161749400513
165,122.37551326285303
166,135.07690663657309
167,148.72430574566584
168,163.34169500306308
169,178.94782716837548
170,195.55551337941506
171,213.17092208533052
172,231.7928987110665
173,251.41231861680197
174,272.01148645614137
175,293.56359535280836
176,316.03225938016703
177,339.3711326179974
178,363.5236275586587
179,388.4227448282677
180,413.9910250729309
181,440.1406324381238
182,466.77357735184955
183,493.78208432844656
184,521.0491082675088
185,548.4490002671628
186,575.848321346502
187,603.1067997288457
188,630.0784245321582
189,656.6126659066491
190,682.555808916701
191,707.7523858508843
192,732.0466892257531
193,755.2843455902158
194,777.3139283974392
195,797.9885867446663
196,817.1676657347314
197,834.7182936241061
198,850.5169108183535
199,864.4507161727162
200,876.4190069569122
201,886.334390240058
202,894.1238453223611
203,899.7296191508904
204,903.1099393617901
205,904.2395326347055
206,903.1099393617902
207,899.7296191508907
208,894.1238453223615
209,886.3343902400585
210,876.4190069569129
211,864.4507161727169
212,850.5169108183544
213,834.7182936241071
214,817.1676657347324
215,797.9885867446676
216,777.3139283974403
217,755.2843455902171
218,732.0466892257544
219,707.7523858508857
220,682.5558089167025
221,656.6126659066506
222,630.0784245321598
223,603.1067997288472
224,575.8483213465037
225,548.4490002671644
226,521.0491082675105
227,493.78208432844804
228,466.77357735185103
229,440.14063243812524
230,413.99102507293236
231,388.4227448282692
232,363.5236275586601
233,339.37113261799874
234,316.0322593801683
235,293.5635953528096
236,272.0114864561425
237,251.41231861680313
238,231.7928987110676
239,213.17092208533148
240,195.55551337941608
241,178.9478271683764
242,163.3416950030639
243,148.72430574566664
244,135.0769066365739
245,122.37551326285373
246,110.59161749400577
247,99.69288347405269
248,89.64382287700151
249,80.40644181259243
250,71.94085298001215
251,64.20584788008681
252,57.15942508537141
253,50.75927170969324
254,44.96319629469932
