0,150.4991579552001
1,173.73981117598365
2,200.06857741129724
3,229.81199179117363
4,263.31812460832475
5,300.9560537603817
6,343.1149787862384
7,390.2029385080007
8,442.645096216803
9,500.88155931125647
10,565.3647043877519
11,636.5559840493817
12,714.9221981785336
13,800.9312201132763
14,895.0471770541803
15,997.7250940459867
16,1109.405021929967
17,1230.5056816110591
18,1361.4176696519
19,1502.4962833771506
20,1654.0540370912981
21,1816.3529543918219
22,1989.5967345770682
23,2173.9229034598725
24,2369.395070141963
25,2575.9954211102727
26,2793.617591015337
27,3022.0600553269196
28,3261.020193399022
29,3510.089171016792
30,3768.74778898919
31,4036.3634385992946
32,4312.188295602489
33,4595.3588719222325
34,4884.897028269287
35,5179.71253172822
36,5478.607220133103
37,5780.280810103468
38,6083.33835833388
39,6386.299356612201
40,6687.608410646396
41,6985.647421735454
42,7278.74915930651
43,7565.212082071337
44,7843.316236762125
45,8111.340036816041
46,8367.57769969454
47,8610.357101406049
48,8838.057790844367
49,9049.12889527109
50,9242.106642068908
51,9415.631221068585
52,9568.46271647318
53,9699.495847701177
54,9807.773274237381
55,9892.49724057012
56,9953.03936312142
57,9988.948391233143
58,9999.988952014111
59,9996.492949173311
60,9986.754496032998
61,9970.791837242457
62,9948.634852614134
63,9920.32496392519
64,9885.915005883531
65,9845.46906182088
66,9799.06226482812
67,9746.780565196677
68,9688.72046517347
69,9624.988722175105
70,9555.702021738754
71,9480.98662161192
72,9400.9779685002
73,9315.820289100893
74,9225.666157150037
75,9130.676038300819
76,9031.01781473196
77,8926.866291455053
78,8818.402686349757
79,8705.81410600506
80,8589.293009483164
81,8469.036662149962
82,8345.24658173258
83,8218.127978769946
84,8087.889193617025
85,7954.741132147435
86,7818.896702272829
87,7680.570253360933
88,7539.977020587956
89,7397.332576205595
90,7252.852289638455
91,7106.750798254976
92,6959.241490574477
93,6810.536003585173
94,6660.843735753754
95,6510.3713772069295
96,6359.3224584598265
97,6207.896918956247
98,6056.290696571874
99,5904.695339114641
100,5753.297638737116
101,5602.279290054774
102,5451.816572642035
103,5302.080058455739
104,5153.234344613902
105,5005.437811836889
106,4858.842408739128
107,4713.593462042866
108,4569.829512671695
109,4427.682177571334
110,4287.276036998885
111,4148.728546919889
112,4012.1499760556244
113,3877.643367031326
114,3745.304520989969
115,3615.2220049560583
116,3487.477181159827
117,3362.1442574646026
118,3239.2903579789204
119,3118.9756128804643
120,3001.253266431076
121,2886.1698021209954
122,2773.765083846084
123,2664.072511994073
124,2557.1191932946576
125,2452.9261232735503
126,2351.508380142048
127,2252.875328951245
128,2157.0308348434214
129,2063.97348424205
130,1973.6968128361625
131,1886.1895392340339
132,1801.435803185097
133,1719.4154072972697
134,1640.1040612091608
135,1563.4736272125824
136,1489.4923663599805
137,1418.125184133593
138,1349.333874797842
139,1283.077363603371
140,1219.3119460599053
141,1157.9915235453313
142,1099.0678345697618
143,1042.4906810655075
144,988.208149126535
145,936.1668236737469
146,886.3119965751199
147,838.587867801959
148,792.9377392540772
149,749.3042009373614
150,707.6293092266443
151,667.8547569949138
152,629.9220354364584
153,593.7725874563583
154,559.3479525417107
155,526.5899030709223
156,495.44057205624955
157,465.8425723514036
158,437.7391073903932
159,411.0740735558191
160,385.7921543044745
161,361.8389062053876
162,339.16083707031
163,317.7054763791361
164,297.42143822287005
165,278.25847700454983
166,260.1675361540534
167,243.10079012602316
168,227.01167996128268
169,211.85494270120554
170,197.58663495157924
171,184.16415089770288
172,171.54623507584202
173,159.69299020786247
174,148.56588040596012
175,138.12773005300986
176,128.34271866129538
177,119.17637200834142
178,110.59554984337468
179,102.56843045169639
180,95.06449235706498
181,88.0544934341623
182,81.51044769446654
183,75.40559999946595
184,69.71439894522983
185,64.4124681519863
186,59.476576181642656
187,54.88460529519595
188,50.61551925080871
189,46.64933033203066
190,42.96706578431712
191,39.55073382667394
192,36.38328939402723
193,33.448599754809514
194,30.731410137337676
195,28.217309487863673
196,25.892696472754775
197,23.744745827137038
198,21.76137514254327
199,19.931212176674013
200,18.243562759324195
201,16.68837935987022
202,15.25623037346395
203,13.938270175251679
204,12.72620998453491
205,11.612289573818737
206,10.589249851153395
207,9.650306338063933
208,8.789123559676138
209,7.999790358379732
210,7.276796137510642
211,6.615008037076594
212,6.009649039478964
213,5.456276999489329
214,4.9507645894044545
215,4.489280147316045
216,4.068269413774581
217,3.6844381397841968
218,3.3347355470214217
219,3.0163386194079203
220,2.7266372036690116
221,2.4632198952593978
222,2.223860685017795
223,2.006506341107084
224,1.8092645001895504
225,1.6303924413623183
226,1.4682865161202645
227,1.3214722075083094
228,1.1885947916570736
229,1.068410575052111
230,0.9597786811539961
231,0.8616533603519799
232,0.7730767976860349
233,0.6931723932995739
234,0.6211384911776412
235,0.5562425323731071
236,0.4978156096172024
237,0.4452474009422232
238,0.3979814607055652
239,0.35551084718833537
240,0.3173740667419629
241,0.2831513152666517
242,0.2524609986207415
243,0.22495651437521877
244,0.20032327813844752
245,0.17827597847881105
246,0.15855604526401576
247,0.14092931701231326
248,0.1251838936104157
249,0.11112816149310764
250,0.09858897909883654
251,0.08741001111229463
252,0.0774502006780714
253,0.0685823694179145
254,0.06069193570731936
