2378.259240950624,1.9620040011477713e-61
2378.359240950624,1.9753842467159053e-60
2378.459240950624,1.9508884368051235e-59
2378.559240950624,1.8899157069549416e-58
2378.659240950624,1.7958976637623385e-57
2378.7592409506237,1.673978546367759e-56
2378.8592409506236,1.5305493644080276e-55
2378.9592409506236,1.3726946660998198e-54
2379.0592409506235,1.2076183460756347e-53
2379.1592409506234,1.042112510156662e-52
2379.2592409506233,8.821220295266044e-52
2379.359240950623,7.324397028502223e-51
2379.459240950623,5.965464131699019e-50
2379.559240950623,4.765909058735502e-49
2379.659240950623,3.734877952054257e-48
2379.759240950623,2.8710200755709483e-47
2379.8592409506227,2.1648369666176354e-46
2379.9592409506226,1.6011916348496535e-45
2380.0592409506226,1.161690883049257e-44
2380.1592409506225,8.2673628836015e-44
2380.2592409506224,5.7712856695139265e-43
2380.3592409506223,3.951912260852511e-42
2380.459240950622,2.6544293299260647e-41
2380.559240950622,1.7488968362697576e-40
2380.659240950622,1.1302808461652478e-39
2380.759240950622,7.16535472509303e-39
2380.859240950622,4.455722893241927e-38
2380.9592409506217,2.71786451470217e-37
2381.0592409506216,1.6261723945396454e-36
2381.1592409506216,9.54408979028731e-36
2381.2592409506215,5.494543296316294e-35
2381.3592409506214,3.1028289481461635e-34
2381.4592409506213,1.7187520156614224e-33
2381.559240950621,9.338943708334033e-33
2381.659240950621,4.977502032549367e-32
2381.759240950621,2.6022815683842755e-31
2381.859240950621,1.33452365599685e-30
2381.959240950621,6.713166500132766e-30
2382.0592409506207,3.312513920884836e-29
2382.1592409506206,1.6033087277576527e-28
2382.2592409506206,7.612122217754325e-28
2382.3592409506205,3.545059262674679e-27
2382.4592409506204,1.6194606430258606e-26
2382.5592409506203,7.256821616763346e-26
2382.65924095062,3.189713294184781e-25
2382.75924095062,1.3752637651892567e-24
2382.85924095062,5.8163362255633884e-24
2382.95924095062,2.4129157512585726e-23
2383.05924095062,9.818925486462491e-23
2383.1592409506197,3.919357882234631e-22
2383.2592409506196,1.5345994197591026e-21
2383.3592409506196,5.893920712073223e-21
2383.4592409506195,2.2204587010075227e-20
2383.5592409506194,8.205598479850066e-20
2383.6592409506193,2.9744520713475317e-19
2383.759240950619,1.0576277562768836e-18
2383.859240950619,3.688823327698559e-18
2383.959240950619,1.2620368113104246e-17
2384.059240950619,4.235311338795772e-17
2384.159240950619,1.3942087706172759e-16
2384.2592409506187,4.50193718660279e-16
2384.3592409506186,1.4259365568546107e-15
2384.4592409506186,4.4302693023813875e-15
2384.5592409506185,1.350172322171292e-14
2384.6592409506184,4.0362441322781265e-14
2384.7592409506183,1.1835723303733834e-13
2384.859240950618,3.404405879374506e-13
2384.959240950618,9.605434421764406e-13
2385.059240950618,2.658409266114114e-12
2385.159240950618,7.216985354818286e-12
2385.259240950618,1.9218476508285776e-11
2385.3592409506177,5.020086976272424e-11
2385.4592409506176,1.2862715896815163e-10
2385.5592409506175,3.232832952614544e-10
2385.6592409506175,7.970085905230579e-10
2385.7592409506174,1.927400165185984e-09
2385.8592409506173,4.572039065447592e-09
2385.959240950617,1.0638419813230983e-08
2386.059240950617,2.4281385699972795e-08
2386.159240950617,5.436244258655298e-08
2386.259240950617,1.193860566682134e-07
2386.359240950617,2.57180125871415e-07
2386.4592409506167,5.434384372228834e-07
2386.5592409506166,1.1263995078735387e-06
2386.6592409506165,2.29014880841265e-06
2386.7592409506165,4.567348015492227e-06
2386.8592409506164,8.934981500574374e-06
2386.9592409506163,1.7145587146479883e-05
2387.059240950616,3.227306536735749e-05
2387.159240950616,5.958778257874804e-05
2387.259240950616,0.0001079203592968779
2387.359240950616,0.00019172497591677832
2387.459240950616,0.00033410513648262133
2387.5592409506157,0.00057110605448909
2387.6592409506156,0.0009575898351269822
2387.7592409506155,0.0015749669388843786
2387.8592409506155,0.0025409288671970356
2387.9592409506154,0.004021080097130846
2388.0592409506153,0.006241975965265459
2388.159240950615,0.00950452924600837
2388.259240950615,0.014196074894866701
2388.359240950615,0.02079864794180499
2388.459240950615,0.02989035525057632
2388.559240950615,0.04213628094031397
2388.6592409506147,0.05826536568233473
2388.7592409506146,0.07903034962904372
2388.8592409506145,0.10514932310073014
2388.9592409506145,0.13722973051848825
2389.0592409506144,0.17567869269447506
2389.1592409506143,0.22060691566364973
2389.259240950614,0.27173670546638584
2389.359240950614,0.3283270313726477
2389.459240950614,0.3891294725748125
2389.559240950614,0.4523876726818658
2389.659240950614,0.5158893353630994
2389.7592409506137,0.5770739755846102
2389.8592409506136,0.6331922340956261
2389.9592409506135,0.6815046468586642
2390.0592409506135,0.7195006893484182
2390.1592409506134,0.7451140601946393
2390.2592409506133,0.7569086248418061
2390.359240950613,0.7523332041762484
2390.459240950613,0.7261408376862439
2390.559240950613,0.6802157910310181
2390.659240950613,0.6184260475553998
2390.759240950613,0.5456875593801638
2390.8592409506127,0.4673212697483048
2390.9592409506126,0.3884206037998171
2391.0592409506125,0.3133315923629191
2391.1592409506125,0.24531343197688485
2391.2592409506124,0.18640333865968642
2391.3592409506123,0.13746788813915575
2391.459240950612,0.09839296564164562
2391.559240950612,0.06835055674530764
2391.659240950612,0.04608242001010744
2391.759240950612,0.030153915617303698
2391.859240950612,0.01914993782258796
2391.9592409506117,0.011803375867037582
2392.0592409506116,0.007060904240053219
2392.1592409506115,0.004099488023949995
2392.2592409506115,0.002310011479970882
2392.3592409506114,0.0012633214501031938
2392.4592409506113,0.0006705463732110136
2392.559240950611,0.0003454291479913245
2392.659240950611,0.0001727047811431436
2392.759240950611,8.380404006041588e-05
2392.859240950611,3.9467604419311394e-05
2392.959240950611,1.803980311194124e-05
2393.0592409506107,8.002727623507198e-06
2393.1592409506106,3.445557437038482e-06
2393.2592409506105,1.4397801043174917e-06
2393.3592409506105,5.839128835836812e-07
2393.4592409506104,2.298344698151911e-07
2393.5592409506103,8.780060018112997e-08
2393.65924095061,3.255330009267941e-08
2393.75924095061,1.171406891444595e-08
2393.85924095061,4.091059005309764e-09
2393.95924095061,1.3866885445177435e-09
2394.05924095061,4.5618114202547243e-10
2394.1592409506097,1.4565015265565292e-10
2394.2592409506096,4.5133579252215e-11
2394.3592409506095,1.3573874314431778e-11
2394.4592409506095,3.962078601062178e-12
2394.5592409506094,1.1224256070561089e-12
2394.6592409506093,3.086080576099966e-13
2394.759240950609,8.235162472473917e-14
2394.859240950609,2.132810638564586e-14
2394.959240950609,5.361022632271854e-15
2395.059240950609,1.307850789082333e-15
2395.159240950609,3.096591894154908e-16
2395.2592409506087,7.115820139638305e-17
2395.3592409506086,1.5870154973610254e-17
2395.4592409506085,3.4352044439780673e-18
2395.5592409506085,7.216709537815194e-19
2395.6592409506084,1.4714349885274967e-19
2395.7592409506083,2.911777241567324e-20
2395.859240950608,5.5922996194227825e-21
2395.959240950608,1.0424084704974417e-21
2396.059240950608,1.8858217818087893e-22
2396.159240950608,3.311147895547667e-23
2396.259240950608,5.642502066922131e-24
2396.3592409506077,9.332115174432002e-25
2396.4592409506076,1.49797190863119e-25
2396.5592409506075,2.3336862317476288e-26
2396.6592409506075,3.528551614879921e-27
2396.7592409506074,5.178043576474111e-28
2396.8592409506073,7.374798236278355e-29
