2378.259240950624,0.05160523009130744
2378.359240950624,0.05516928123873132
2378.459240950624,0.05910234921352968
2378.559240950624,0.06345500963446864
2378.659240950624,0.06828634302594289
2378.7592409506237,0.07366558488190085
2378.8592409506236,0.07967411952051359
2378.9592409506236,0.08640788451678377
2379.0592409506235,0.09398025804925254
2379.1592409506234,0.10252550034028862
2379.2592409506233,0.1122028048994804
2379.359240950623,0.12320097175901569
2379.459240950623,0.13574361907259025
2379.559240950623,0.15009465945747602
2379.659240950623,0.1665634127285609
2379.759240950623,0.18550809219232128
2379.8592409506227,0.20733530927846192
2379.9592409506226,0.2324914382539722
2380.0592409506226,0.26143887061241744
2380.1592409506225,0.29460617780578974
2380.2592409506224,0.33229637617347957
2380.3592409506223,0.37453389888449434
2380.459240950622,0.4208342227708595
2380.559240950622,0.4699019181548976
2380.659240950622,0.5193190542643918
2380.759240950622,0.5653815360049551
2380.859240950622,0.6033329998612601
2380.9592409506217,0.6282095203012757
2381.0592409506216,0.6362357779455812
2381.1592409506216,0.634444836520282
2381.2592409506215,0.6295164244005914
2381.3592409506214,0.6215953693725363
2381.4592409506213,0.610907423989002
2381.559240950621,0.5977437052384792
2381.659240950621,0.5824419367476573
2381.759240950621,0.5653666097089696
2381.859240950621,0.5468900124030965
2381.959240950621,0.5273756477613449
2382.0592409506207,0.5071649950949243
2382.1592409506206,0.4865680043583712
2382.2592409506206,0.46585723433057175
2382.3592409506205,0.4452652096690238
2382.4592409506204,0.42498438399160293
2382.5592409506203,0.4051690361428273
2382.65924095062,0.38593845972483826
2382.75924095062,0.36738089497569903
2382.85924095062,0.3495577658600724
2382.95924095062,0.33250790118867524
2383.05924095062,0.3162515228457126
2383.1592409506197,0.30079387008729064
2383.2592409506196,0.2861283947300297
2383.3592409506196,0.27223950928424095
2383.4592409506195,0.25910490161571853
2383.5592409506194,0.24669744892101003
2383.6592409506193,0.23498677389055123
2383.759240950619,0.22394048966616245
2383.859240950619,0.21352517976473445
2383.959240950619,0.20370715618401303
2384.059240950619,0.19445303460465693
2384.159240950619,0.18573016075414472
2384.2592409506187,0.17750691711632569
2384.3592409506186,0.1697529345626549
2384.4592409506186,0.1624392293113681
2384.5592409506185,0.15553828195785485
2384.6592409506184,0.14902407217201583
2384.7592409506183,0.14287207999973678
2384.859240950618,0.13705926249032324
2384.959240950618,0.13156401254643935
2385.059240950618,0.1263661054032643
2385.159240950618,0.12144663693745432
2385.259240950618,0.11678795703712301
2385.3592409506177,0.11237360049014986
2385.4592409506176,0.10818821723417921
2385.5592409506175,0.10421750332766529
2385.6592409506175,0.1004481336221824
2385.7592409506174,0.09686769682124574
2385.8592409506173,0.09346463338311727
2385.959240950617,0.09022817655069107
2386.059240950617,0.08714829665940257
2386.159240950617,0.08421564877519559
2386.259240950617,0.08142152364170986
2386.359240950617,0.07875780186326876
2386.4592409506167,0.07621691121338657
2386.5592409506166,0.07379178693374804
2386.6592409506165,0.07147583487308785
2386.7592409506165,0.06926289730685661
2386.8592409506164,0.0671472212752464
2386.9592409506163,0.06512342927768006
2387.059240950616,0.06318649216517827
2387.159240950616,0.06133170407727876
2387.259240950616,0.05955465927675765
2387.359240950616,0.05785123074280892
2387.459240950616,0.05621755039120977
2387.5592409506157,0.0546499907980617
2387.6592409506156,0.053145148311749525
2387.7592409506155,0.05169982744565702
2387.8592409506155,0.05031102645181702
2387.9592409506154,0.04897592398298473
2388.0592409506153,0.04769186675756449
2388.159240950615,0.046456358148365386
2388.259240950615,0.045267047622300036
2388.359240950615,0.0441217209638745
2388.459240950615,0.043018291220651796
2388.559240950615,0.04195479031382143
2388.6592409506147,0.040929361261587076
2388.7592409506146,0.03994025096731574
2388.8592409506145,0.03898580352829212
2388.9592409506145,0.03806445402451294
2389.0592409506144,0.03717472275025924
2389.1592409506143,0.03631520985421946
2389.259240950614,0.03548459035672165
2389.359240950614,0.03468160951519053
2389.459240950614,0.03390507851128882
2389.559240950614,0.033153870435352624
2389.659240950614,0.03242691654570014
2389.7592409506137,0.031723202782198937
2389.8592409506136,0.031041766515131273
2389.9592409506135,0.030381693511913232
2390.0592409506135,0.029742115105612265
2390.1592409506134,0.02912220555048136
2390.2592409506133,0.028521179550894855
2390.359240950613,0.02793828995114048
2390.459240950613,0.02737282557450372
2390.559240950613,0.026824109200979846
2390.659240950613,0.02629149567377461
2390.759240950613,0.02577437012551221
2390.8592409506127,0.025272146315764382
2390.9592409506126,0.0247842650721532
2391.0592409506125,0.02431019282786692
2391.1592409506125,0.02384942024896727
2391.2592409506124,0.023401460945362357
2391.3592409506123,0.022965850259775322
2391.459240950612,0.02254214412945829
2391.559240950612,0.022129918015787457
2391.659240950612,0.02172876589723066
2391.759240950612,0.02133829932150647
2391.859240950612,0.020958146513055845
2391.9592409506117,0.02058795153222585
2392.0592409506116,0.020227373482821727
2392.1592409506115,0.01987608576492097
2392.2592409506115,0.01953377537006173
2392.3592409506114,0.01920014221612025
2392.4592409506113,0.018874898519378888
2392.559240950611,0.018557768201459345
2392.659240950611,0.018248486328955135
2392.759240950611,0.017946798583745847
2392.859240950611,0.017652460762112354
2392.959240950611,0.01736523830089918
2393.0592409506107,0.017084905829087862
2393.1592409506106,0.016811246743254203
2393.2592409506105,0.016544052805483316
2393.3592409506105,0.016283123762410433
2393.4592409506104,0.01602826698414249
2393.5592409506103,0.015779297121896355
2393.65924095061,0.015536035783265009
2393.75924095061,0.015298311224092708
2393.85924095061,0.015065958056005255
2393.95924095061,0.01483881696870207
2394.05924095061,0.01461673446617301
2394.1592409506097,0.014399562616055345
2394.2592409506096,0.014187158811395232
2394.3592409506095,0.013979385544123502
2394.4592409506095,0.01377611018959805
2394.5592409506094,0.013577204801604832
2394.6592409506093,0.013382545917246311
2394.759240950609,0.013192014371180791
2394.859240950609,0.01300549511870831
2394.959240950609,0.012822877067228868
2395.059240950609,0.012644052915626916
2395.159240950609,0.012468919001162374
2395.2592409506087,0.01229737515347307
2395.3592409506086,0.012129324555316531
2395.4592409506085,0.011964673609700672
2395.5592409506085,0.01180333181307304
2395.6592409506084,0.011645211634257338
2395.7592409506083,0.011490228398843599
2395.859240950608,0.011338300178755022
2395.959240950608,0.01118934768673016
2396.059240950608,0.011043294175473704
2396.159240950608,0.01090006534124292
2396.259240950608,0.01075958923164962
2396.3592409506077,0.010621796157469793
2396.4592409506076,0.010486618608264268
2396.5592409506075,0.010353991171624572
2396.6592409506075,0.010223850455868254
2396.7592409506074,0.010096135016017242
2396.8592409506073,0.00997078528290194
