0,1.2956711400971607e-08
1,2.1367815848560694e-08
2,3.5068220253014774e-08
3,5.727374287181376e-08
4,9.308627503565701e-08
5,1.5055805120729653e-07
6,2.4233188699699424e-07
7,3.8815518333600495e-07
8,6.187118904837011e-07
9,9.814310217809212e-07
10,1.5492423017325492e-06
11,2.433700653620591e-06
12,3.8045493093544386e-06
13,5.918716280984757e-06
14,9.163050364292444e-06
15,1.4116949841604445e-05
16,2.1643620786452045e-05
17,3.302229152961029e-05
18,5.013866251635206e-05
19,7.575765598271034e-05
20,0.00011391175927526893
21,0.00017045071851619725
22,0.00025381504402308185
23,0.0003761180102443912
24,0.000554650164972459
25,0.0008139587751602199
26,0.001188704533942314
27,0.0017275621300704058
28,0.0024985133708466775
29,0.003595985460099748
30,0.005150417354245544
31,0.007340998998840821
32,0.010412527310447338
33,0.014697564970934237
34,0.020645379497191065
35,0.028859486444805356
36,0.04014602708336818
37,0.055575681179299466
38,0.07656235123383705
39,0.10496245413240102
40,0.14319931389279097
41,0.19441785371402306
42,0.2626755184840825
43,0.3531760934538056
44,0.4725537840728489
45,0.6292155377899201
46,0.8337500602590091
47,1.0994122320809965
48,1.4426915810794767
49,1.8839730101187744
50,2.448297012428963
51,3.166225009336812
52,4.07481310137786
53,5.218694319878419
54,6.651265302200264
55,8.435968112945563
56,10.647651653045786
57,13.373989743362921
58,16.716924603812828
59,20.794095210432857
60,25.740200122786202
61,31.708234147319985
62,38.8705280519073
63,47.419510984615954
64,57.568106880163455
65,69.54966964398604
66,83.61735802705088
67,100.04285061183585
68,119.11430497623877
69,141.13347358322665
70,166.41190284310753
71,195.26616152647046
72,228.01207045625296
73,264.95793708280854
74,306.3968357234262
75,352.59801614098023
76,403.79756857651944
77,460.18852078879047
78,521.9105901873534
79,589.039859571239
80,661.5786858764279
81,739.4461851505546
82,822.4696611808104
83,910.377357425101
84,1002.7929100709664
85,1099.2318625701698
86,1199.1005678781278
87,1301.6977536110644
88,1406.2189579945857
89,1511.7639622742413
90,1617.3472505405912
91,1721.9114238802522
92,1824.3433863325263
93,1923.4930098253553
94,2018.1938789825772
95,2107.2856194748224
96,2189.6372303404974
97,2264.170775940168
98,2329.8847507653504
99,2385.8764131251587
100,2431.362393590112
101,2465.696921531288
102,2488.3870773697467
103,2499.104567126403
104,2497.6936261611536
105,2484.1747861350436
106,2458.7443778627044
107,2421.769786880728
108,2373.7806219851427
109,2315.4560934703804
110,2247.6090214836076
111,2171.1670006157747
112,2087.1513303458682
113,1996.6543791430659
114,1900.8160810991906
115,1800.80026743883
116,1697.7715119880475
117,1592.8731217577833
118,1487.2068343706885
119,1381.8146971471303
120,1277.6635028944675
121,1175.6320497789327
122,1076.5013821301668
123,980.948060464494
124,889.5404068118963
125,802.7375793656303
126,720.8912515457091
127,644.2496069226096
128,572.9633143366352
129,507.0931173468474
130,446.6186584152706
131,391.4481598323064
132,341.4285985950404
133,296.3560391093673
134,255.98582327400848
135,220.04235967331664
136,188.2282997304638
137,160.23293637066115
138,135.7397078754719
139,114.43273434994235
140,96.00235511222026
141,80.1496712712233
142,66.59012808204793
143,55.05619601831911
144,45.29922785122829
145,37.09058162150425
146,30.222106691559247
147,24.506092684939787
148,19.774779772961445
149,15.879524215769736
150,12.68970607138439
151,10.091457281344114
152,7.9862785920905655
153,6.289603561030372
154,4.929357714471437
155,3.844551161389776
156,2.9839339146683668
157,2.3047350311285895
158,1.7714995727152576
159,1.355031363093524
160,1.0314445591462862
161,0.7813231238442281
162,0.5889842923781269
163,0.4418399633825535
164,0.3298485066581806
165,0.24504864009033822
166,0.18116667668888445
167,0.13328847075717337
168,0.09758770378578523
169,0.07110266188780542
170,0.05155429673037048
171,0.0371990732593919
172,0.026710844589475282
173,0.019086722838666546
174,0.01357260968988286
175,0.009604695475973604
176,0.0067638206905941385
177,0.004740114348337555
178,0.0033057788566920945
179,0.002294283191055728
180,0.001584559295371573
181,0.0010890760665132437
182,0.0007448969212473932
183,0.0005070168479228878
184,0.00034342890817472336
185,0.00023149390121150257
186,0.0001552853570867209
187,0.00010365964156501298
188,6.88616059793527e-05
189,4.552320577510025e-05
190,2.9948617218423508e-05
191,1.9606901126795953e-05
192,1.2774072863976874e-05
193,8.282054152993235e-06
194,5.34361289428884e-06
195,3.430995582960464e-06
196,2.19226764992054e-06
197,1.3939758121728303e-06
198,8.82074256749685e-07
199,5.554478668855719e-07
200,3.480724944534548e-07
201,2.1706227700178612e-07
202,1.3470609602948148e-07
203,8.319139210577462e-08
204,5.112787940071866e-08
205,3.126982242954277e-08
206,1.903186272242288e-08
207,1.15272423625208e-08
208,6.947967828042758e-09
209,4.1675269770242316e-09
210,2.4876386011236685e-09
211,1.4776936300031492e-09
212,8.735137822731411e-10
213,5.138582915547854e-10
214,3.0081897154585996e-10
215,1.7524890866400094e-10
216,1.0159999080881619e-10
217,5.861655109911819e-11
218,3.365387685338211e-11
219,1.9228180365159945e-11
220,1.0932752584032907e-11
221,6.185988365992412e-12
222,3.4831880718779675e-12
223,1.951789586486128e-12
224,1.088371886655778e-12
225,6.039623694395354e-13
226,3.3352676558970144e-13
227,1.8329041308496728e-13
228,1.0023907598586867e-13
229,5.455349834720264e-14
230,2.954584420302801e-14
231,1.592423021845487e-14
232,8.541000322798803e-15
233,4.558765736422155e-15
234,2.4214419340378668e-15
235,1.2799384608546562e-15
236,6.732748101126611e-16
237,3.524389423805582e-16
238,1.8359618771794803e-16
239,9.517692629446724e-17
240,4.9100728763067454e-17
241,2.5207655058745046e-17
242,1.2878497651380671e-17
243,6.547661291352346e-18
244,3.312801805511216e-18
245,1.6679881061087528e-18
246,8.357544377423405e-19
247,4.1672799799640835e-19
248,2.0678303938482692e-19
249,1.0210932278019703e-19
250,5.017693433857734e-20
251,2.4537544377635065e-20
252,1.1941154540143677e-20
253,5.782954646662318e-21
254,2.787029080226141e-21
