0,0.08914008385440868
1,0.10316402727175548
2,0.11926169775435862
3,0.13771813662688612
4,0.15885421359737792
5,0.1830306367323048
6,0.21065234239837705
7,0.24217329203161592
8,0.2781017033010927
9,0.3190057437863455
10,0.36551971565430597
11,0.4183507599719861
12,0.4782861091913359
13,0.5462009159567284
14,0.6230666856757192
15,0.7099603392206933
16,0.8080739306519654
17,0.9187250429300752
18,1.0433678821739438
19,1.1836050880796485
20,1.3412002745994773
21,1.518091310851462
22,1.7164043474458563
23,1.9384685879398802
24,2.1868317989311388
25,2.464276545343307
26,2.7738371297198445
27,3.118817205803159
28,3.5028080273255715
29,3.92970728277032
30,4.403738455880115
31,4.9294706399127515
32,5.51183872109359
33,6.156163833432039
34,6.86817397310523
35,7.654024646032228
36,8.520319407148286
37,9.474130134336535
38,10.523016864098317
39,11.67504699997254
40,12.938813688596827
41,14.323453142302672
42,15.838660671435552
43,17.49470517438644
44,19.302441818827678
45,21.273322634092768
46,23.41940472226726
47,25.753355784623256
48,28.288456650793645
49,31.038600490818208
50,34.01828838517681
51,37.24262092543283
52,40.72728551841869
53,44.48853907027675
54,48.54318573338082
55,52.908549409457905
56,57.6024407163323
57,62.643118143832346
58,68.04924314671524
59,73.83982894912076
60,80.0341828661719
61,86.65184198396895
62,93.71250207938986
63,101.23593970579259
64,109.2419274198212
65,117.75014217791453
66,126.780066988594
67,136.35088596790257
68,146.48137301014714
69,157.18977435396255
70,168.49368539420448
71,180.40992216275424
72,192.95438797539515
73,206.141935816831
74,219.98622711095823
75,234.4995875978997
76,249.69286111225387
77,265.5752621276482
78,282.1542280001328
79,299.43527190629084
80,317.42183753027314
81,336.1151566063387
82,355.5141104690118
83,375.6150968007413
84,396.41190279611726
85,417.895585981451
86,440.054363938108
87,462.8735141767173
88,486.33528539667395
89,510.41882134070465
90,535.1000984173013
91,560.3518782142623
92,586.1436759642949
93,612.4417459486099
94,639.2090847368411
95,666.4054530617206
96,693.9874170152135
97,721.9084091298336
98,750.1188097754081
99,778.5660491585279
100,807.1947300603688
101,835.9467712897097
102,864.7615716630985
103,893.5761941547202
104,922.3255696861085
105,950.9427198520921
106,979.3589977059787
107,1007.5043455557277
108,1035.3075685555668
109,1062.6966227159648
110,1089.598915800923
111,1115.9416194369496
112,1141.6519906245778
113,1166.657700722518
114,1190.887169868051
115,1214.2699047065155
116,1236.7368372289782
117,1258.22066246155
118,1278.656172713273
119,1297.9805860727765
120,1316.1338668475832
121,1333.0590356643017
122,1348.7024669931375
123,1363.0141719260164
124,1375.9480641237903
125,1387.4622069539203
126,1397.5190399648277
127,1406.085582985802
128,1413.1336163006213
129,1418.6398355175138
130,1422.5859799460484
131,1424.9589334912846
132,1425.7507972850224
133,1424.9589334912846
134,1422.5859799460484
135,1418.6398355175133
136,1413.133616300621
137,1406.0855829858015
138,1397.5190399648272
139,1387.4622069539196
140,1375.9480641237894
141,1363.0141719260155
142,1348.7024669931368
143,1333.0590356643008
144,1316.1338668475823
145,1297.9805860727754
146,1278.6561727132719
147,1258.220662461549
148,1236.7368372289768
149,1214.2699047065141
150,1190.8871698680496
151,1166.6577007225167
152,1141.6519906245765
153,1115.941619436948
154,1089.5989158009213
155,1062.6966227159633
156,1035.3075685555652
157,1007.5043455557261
158,979.3589977059771
159,950.9427198520905
160,922.3255696861069
161,893.5761941547186
162,864.7615716630968
163,835.946771289708
164,807.1947300603672
165,778.5660491585262
166,750.1188097754067
167,721.9084091298319
168,693.9874170152119
169,666.4054530617192
170,639.2090847368395
171,612.4417459486083
172,586.1436759642934
173,560.3518782142609
174,535.1000984172999
175,510.4188213407033
176,486.33528539667265
177,462.87351417671596
178,440.05436393810663
179,417.8955859814498
180,396.4119027961161
181,375.6150968007403
182,355.51411046901075
183,336.11515660633773
184,317.42183753027217
185,299.43527190628976
186,282.15422800013175
187,265.57526212764725
188,249.69286111225296
189,234.49958759789888
190,219.98622711095743
191,206.14193581683023
192,192.95438797539444
193,180.40992216275353
194,168.4936853942038
195,157.18977435396192
196,146.48137301014654
197,136.35088596790206
198,126.7800669885935
199,117.75014217791406
200,109.24192741982074
201,101.23593970579219
202,93.7125020793895
203,86.6518419839686
204,80.03418286617152
205,73.83982894912039
206,68.04924314671489
207,62.64311814383204
208,57.60244071633202
209,52.90854940945765
210,48.543185733380554
211,44.48853907027653
212,40.72728551841849
213,37.242620925432625
214,34.018288385176646
215,31.038600490818045
216,28.288456650793506
217,25.753355784623118
218,23.419404722267135
219,21.273322634092654
220,19.302441818827578
221,17.49470517438633
222,15.838660671435452
223,14.323453142302583
224,12.938813688596746
225,11.67504699997247
226,10.52301686409825
227,9.474130134336484
228,8.520319407148232
229,7.6540246460321795
230,6.868173973105186
231,6.156163833432001
232,5.5118387210935555
233,4.929470639912721
234,4.403738455880087
235,3.9297072827702957
236,3.5028080273255497
237,3.11881720580314
238,2.773837129719827
239,2.4642765453432913
240,2.1868317989311254
241,1.9384685879398682
242,1.716404347445846
243,1.5180913108514524
244,1.3412002745994678
245,1.183605088079639
246,1.0433678821739354
247,0.918725042930067
248,0.8080739306519591
249,0.7099603392206877
250,0.6230666856757142
251,0.5462009159567239
252,0.4782861091913325
253,0.4183507599719824
254,0.36551971565430275
