0,0.000000
1,0.000000
2,0.000000
3,0.000000
4,0.000000
5,0.000000
6,0.000000
7,0.000000
8,0.000000
9,0.000000
10,0.000000
11,0.000000
12,0.000000
13,0.000000
14,0.000000
15,0.000000
16,0.000000
17,0.000000
18,0.000000
19,0.000000
20,0.000000
21,0.000000
22,0.000000
23,0.000000
24,0.000000
25,0.000000
26,0.000000
27,0.000000
28,0.000000
29,0.000000
30,0.000000
31,0.000000
32,0.000000
33,0.000000
34,0.000000
35,0.000000
36,0.000000
37,0.000000
38,0.000000
39,0.000000
40,0.000000
41,0.000000
42,0.000000
43,0.000000
44,0.000000
45,0.000000
46,0.000000
47,0.000000
48,0.000000
49,0.000000
50,0.000000
51,0.000000
52,0.000000
53,0.000000
54,0.000000
55,0.000000
56,0.000000
57,0.000000
58,0.000000
59,0.000000
60,0.000000
61,0.000000
62,0.000000
63,0.000000
64,0.000000
65,0.000000
66,0.000000
67,0.000000
68,0.000000
69,0.000000
70,0.000000
71,0.000000
72,0.000000
73,0.000000
74,0.000000
75,0.000000
76,0.000000
77,0.000000
78,0.000000
79,0.000000
80,0.000000
81,0.000000
82,0.000000
83,0.000000
84,0.000000
85,0.000000
86,0.000000
87,0.000000
88,0.000000
89,0.000000
90,0.000000
91,0.000000
92,0.000000
93,0.000000
94,0.000000
95,0.000000
96,0.000000
97,0.000000
98,0.000000
99,0.000000
100,0.000000
101,0.000000
102,0.000000
103,0.000000
104,0.000000
105,0.000000
106,0.000000
107,0.000000
108,0.000000
109,0.000000
110,0.000000
111,0.000000
112,0.000000
113,0.000000
114,0.000000
115,0.000000
116,0.000001
117,0.000010
118,0.000077
119,0.000557
120,0.003591
121,0.020710
122,0.106879
123,0.493580
124,2.039708
125,7.542640
126,24.958803
127,73.904207
128,195.821166
129,464.296232
130,985.089622
131,1870.257418
132,3177.401422
133,4830.452799
134,6571.260099
135,7999.346881
136,8713.757302
137,8493.788589
138,7408.708238
139,5782.672472
140,4038.868887
141,2524.270969
142,1411.748217
143,706.518569
144,316.398905
145,126.791874
146,45.466647
147,14.589469
148,4.189200
149,1.076385
150,0.247485
151,0.050919
152,0.009375
153,0.001544
154,0.000228
155,0.000030
156,0.000004
157,0.000000
158,0.000000
159,0.000000
160,0.000000
161,0.000000
162,0.000000
163,0.000000
164,0.000000
165,0.000000
166,0.000000
167,0.000000
168,0.000000
169,0.000000
170,0.000000
171,0.000000
172,0.000000
173,0.000000
174,0.000000
175,0.000000
176,0.000000
177,0.000000
178,0.000000
179,0.000000
180,0.000000
181,0.000000
182,0.000000
183,0.000000
184,0.000000
185,0.000000
186,0.000000
187,0.000000
188,0.000000
189,0.000000
190,0.000000
191,0.000000
192,0.000000
193,0.000000
194,0.000000
195,0.000000
196,0.000000
197,0.000000
198,0.000000
199,0.000000
200,0.000000
201,0.000000
202,0.000000
203,0.000000
204,0.000000
205,0.000000
206,0.000000
207,0.000000
208,0.000000
209,0.000000
210,0.000000
211,0.000000
212,0.000000
213,0.000000
214,0.000000
215,0.000000
216,0.000000
217,0.000000
218,0.000000
219,0.000000
220,0.000000
221,0.000000
222,0.000000
223,0.000000
224,0.000000
225,0.000000
226,0.000000
227,0.000000
228,0.000000
229,0.000000
230,0.000000
231,0.000000
232,0.000000
233,0.000000
234,0.000000
235,0.000000
236,0.000000
237,0.000000
238,0.000000
239,0.000000
240,0.000000
241,0.000000
242,0.000000
243,0.000000
244,0.000000
245,0.000000
246,0.000000
247,0.000000
248,0.000000
249,0.000000
250,0.000000
251,0.000000
252,0.000000
253,0.000000
254,0.000000
