0,0.409885
1,0.500490
2,0.609413
3,0.739966
4,0.895975
5,1.081841
6,1.302611
7,1.564048
8,1.872703
9,2.235999
10,2.662307
11,3.161029
12,3.742678
13,4.418962
14,5.202856
15,6.108676
16,7.152142
17,8.350432
18,9.722222
19,11.287712
20,13.068629
21,15.088216
22,17.371188
23,19.943663
24,22.833058
25,26.067957
26,29.677935
27,33.693345
28,38.145063
29,43.064192
30,48.481722
31,54.428144
32,60.933031
33,68.024569
34,75.729061
35,84.070400
36,93.069508
37,102.743766
38,113.106433
39,124.166058
40,135.925908
41,148.383412
42,161.529641
43,175.348826
44,189.817941
45,204.906350
46,220.575534
47,236.778912
48,253.461771
49,270.561297
50,288.006733
51,305.719662
52,323.614419
53,341.598628
54,359.573877
55,377.436513
56,395.078550
57,412.388696
58,429.253472
59,445.558406
60,461.189307
61,476.033568
62,489.981507
63,502.927707
64,514.772333
65,525.422413
66,534.793048
67,542.808543
68,549.403417
69,554.523302
70,558.125682
71,560.180485
72,560.694916
73,560.567447
74,560.254769
75,559.757191
76,559.075205
77,558.209488
78,557.160896
79,555.930465
80,554.519408
81,552.929116
82,551.161153
83,549.217253
84,547.099320
85,544.809422
86,542.349790
87,539.722812
88,536.931032
89,533.977141
90,530.863980
91,527.594529
92,524.171904
93,520.599356
94,516.880259
95,513.018110
96,509.016522
97,504.879216
98,500.610020
99,496.212860
100,491.691753
101,487.050804
102,482.294197
103,477.426190
104,472.451111
105,467.373346
106,462.197337
107,456.927576
108,451.568594
109,446.124961
110,440.601272
111,435.002150
112,429.332228
113,423.596155
114,417.798581
115,411.944153
116,406.037511
117,400.083280
118,394.086066
119,388.050447
120,381.980970
121,375.882148
122,369.758446
123,363.614286
124,357.454035
125,351.282004
126,345.102441
127,338.919528
128,332.737375
129,326.560017
130,320.391412
131,314.235432
132,308.095867
133,301.976414
134,295.880678
135,289.812170
136,283.774302
137,277.770385
138,271.803628
139,265.877135
140,259.993902
141,254.156818
142,248.368663
143,242.632105
144,236.949701
145,231.323894
146,225.757015
147,220.251283
148,214.808802
149,209.431560
150,204.121436
151,198.880194
152,193.709484
153,188.610848
154,183.585713
155,178.635400
156,173.761118
157,168.963972
158,164.244960
159,159.604975
160,155.044808
161,150.565150
162,146.166594
163,141.849636
164,137.614677
165,133.462027
166,129.391906
167,125.404446
168,121.499695
169,117.677620
170,113.938106
171,110.280962
172,106.705923
173,103.212653
174,99.800746
175,96.469730
176,93.219071
177,90.048174
178,86.956386
179,83.943000
180,81.007256
181,78.148346
182,75.365413
183,72.657561
184,70.023849
185,67.463298
186,64.974896
187,62.557596
188,60.210320
189,57.931964
190,55.721398
191,53.577468
192,51.499001
193,49.484803
194,47.533667
195,45.644372
196,43.815682
197,42.046354
198,40.335138
199,38.680776
200,37.082008
201,35.537571
202,34.046202
203,32.606639
204,31.217623
205,29.877899
206,28.586218
207,27.341340
208,26.142030
209,24.987066
210,23.875235
211,22.805335
212,21.776180
213,20.786596
214,19.835424
215,18.921520
216,18.043758
217,17.201028
218,16.392238
219,15.616313
220,14.872200
221,14.158861
222,13.475283
223,12.820468
224,12.193442
225,11.593249
226,11.018956
227,10.469650
228,9.944440
229,9.442455
230,8.962846
231,8.504785
232,8.067468
233,7.650108
234,7.251941
235,6.872226
236,6.510241
237,6.165284
238,5.836676
239,5.523756
240,5.225884
241,4.942442
242,4.672827
243,4.416461
244,4.172779
245,3.941240
246,3.721318
247,3.512507
248,3.314316
249,3.126275
250,2.947928
251,2.778836
252,2.618577
253,2.466745
254,2.322949
