0,2.410126
1,2.500768
2,2.609735
3,2.740338
4,2.896403
5,3.082335
6,3.303181
7,3.564703
8,3.873457
9,4.236866
10,4.663303
11,5.162171
12,5.743988
13,6.420463
14,7.204575
15,8.110644
16,9.154392
17,10.353003
18,11.725157
19,13.291059
20,15.072445
21,17.092563
22,19.376136
23,21.949290
24,24.839453
25,28.075220
26,31.686177
27,35.702690
28,40.155651
29,45.076181
30,50.495285
31,56.443478
32,62.950352
33,70.044121
34,77.751116
35,86.095258
36,95.097504
37,104.775273
38,115.141864
39,126.205872
40,137.970613
41,150.433572
42,163.585878
43,177.411830
44,191.888473
45,206.985249
46,222.663726
47,238.877419
48,255.571715
49,272.683913
50,290.143378
51,307.871828
52,325.783739
53,343.786896
54,361.783055
55,379.668748
56,397.336188
57,414.674302
58,431.569842
59,447.908591
60,463.576627
61,478.461639
62,492.454260
63,505.449412
64,517.347625
65,528.056317
66,537.491010
67,545.576455
68,552.247655
69,557.450751
70,561.143775
71,563.297239
72,563.918967
73,563.908095
74,563.722011
75,563.361771
76,562.828655
77,562.124176
78,561.250071
79,560.208309
80,559.001088
81,557.630834
82,556.100200
83,554.412066
84,552.569539
85,550.575946
86,548.434835
87,546.149975
88,543.725346
89,541.165141
90,538.473760
91,535.655805
92,532.716078
93,529.659571
94,526.491464
95,523.217119
96,519.842070
97,516.372019
98,512.812827
99,509.170506
100,505.451210
101,501.661228
102,497.806971
103,493.894966
104,489.931841
105,485.924319
106,481.879201
107,477.803358
108,473.703717
109,469.587249
110,465.460955
111,461.331850
112,457.206954
113,453.093272
114,448.997782
115,444.927419
116,440.889059
117,436.889504
118,432.935463
119,429.033538
120,425.190209
121,421.411811
122,417.704523
123,414.074351
124,410.527104
125,407.068387
126,403.703575
127,400.437804
128,397.275947
129,394.222606
130,391.282089
131,388.458399
132,385.755217
133,383.175889
134,380.723411
135,378.400417
136,376.209165
137,374.151530
138,372.228989
139,370.442611
140,368.793053
141,367.280549
142,365.904907
143,364.665500
144,363.561265
145,362.590701
146,361.751867
147,361.042382
148,360.459431
149,359.999762
150,359.659696
151,359.435133
152,359.321560
153,359.314057
154,359.407317
155,359.595648
156,359.872997
157,360.232961
158,360.668804
159,361.173480
160,361.739650
161,362.359704
162,363.025784
163,363.729811
164,364.463505
165,365.218415
166,365.985948
167,366.757392
168,367.523947
169,368.276757
170,369.006937
171,369.705603
172,370.363906
173,370.973056
174,371.524363
175,372.009257
176,372.419324
177,372.746335
178,372.982275
179,373.119370
180,373.150118
181,373.067313
182,372.864072
183,372.533858
184,372.070507
185,371.468246
186,370.721713
187,369.825980
188,368.776566
189,367.569453
190,366.201101
191,364.668458
192,362.968969
193,361.100586
194,358.975667
195,356.456966
196,353.544299
197,350.241218
198,346.553239
199,342.487796
200,338.054174
201,333.263437
202,328.128342
203,322.663236
204,316.883949
205,310.807675
206,304.452842
207,297.838979
208,290.986576
209,283.916939
210,276.652042
211,269.214379
212,261.626812
213,253.912425
214,246.094376
215,238.195756
216,230.239448
217,222.248000
218,214.243495
219,206.247433
220,198.280628
221,190.363097
222,182.513981
223,174.751454
224,167.092662
225,159.553654
226,152.149340
227,144.893449
228,137.798501
229,130.875791
230,124.135377
231,117.586083
232,111.235513
233,105.090063
234,99.154951
235,93.434250
236,87.930928
237,82.646892
238,77.583042
239,72.739321
240,68.114777
241,63.707622
242,59.515296
243,55.534533
244,51.761422
245,48.191477
246,44.819699
247,41.640640
248,38.648469
249,35.837026
250,33.199889
251,30.730421
252,28.421831
253,26.267217
254,24.259617
