0,0.00024090119228235236
1,0.00027857356619482394
2,0.000321894290126168
3,0.00037167132591698926
4,0.0004288221951095695
5,0.0004943879409534699
6,0.0005695487421004331
7,0.0006556413559584027
8,0.0007541785865764669
9,0.0008668709901551594
10,0.0009956510508881391
11,0.0011427000809095889
12,0.0013104781207127097
13,0.0015017571405821783
14,0.0017196578694076352
15,0.0019676906047722733
16,0.002249800387491
17,0.002570416954849962
18,0.002934509919709604
19,0.003347649657402305
20,0.003816074418998513
21,0.004346764228033462
22,0.004947522158167405
23,0.00562706363146563
24,0.006395114420982064
25,0.007262518087041377
26,0.008241353623946387
27,0.009345064142670103
28,0.010588597465277768
29,0.011988559558184356
30,0.013563381783674213
31,0.015333503002144522
32,0.017321567610992152
33,0.019552640659617905
34,0.02205444123329642
35,0.024857595351234045
36,0.027995909675541632
37,0.031506667377561255
38,0.03543094755542943
39,0.03981396964130816
40,0.04470546427767302
41,0.05016007217867868
42,0.05623777252411433
43,0.06300434245895332
44,0.0705318492900728
45,0.07889917698238753
46,0.08819258855836419
47,0.09850632599658665
48,0.10994324920555697
49,0.12261551561708135
50,0.136645301898153
51,0.15216556921994026
52,0.16932087344602756
53,0.18826822150811123
54,0.20917797512457695
55,0.23223480288447984
56,0.2576386815650344
57,0.28560594737353323
58,0.31637039760337105
59,0.35018444296729867
60,0.38732031061806915
61,0.42807129758615825
62,0.4727530740552568
63,0.521705035557964
64,0.5752917028057511
65,0.6339041674683712
66,0.6979615817880371
67,0.767912689452732
68,0.8442373946610836
69,0.9274483657885872
70,1.0180926695122747
71,1.116753430669053
72,1.2240515125131615
73,1.3406472114020538
74,1.467241959279416
75,1.6045800266414252
76,1.753450217970235
77,1.914687550900444
78,2.089174909653218
79,2.277844662533147
80,2.481680232538831
81,2.7017176093949464
82,2.939046790576004
83,3.194813138166429
84,3.4702186376936184
85,3.766523044387394
86,4.085044901667341
87,4.427162416046556
88,4.794314172073807
89,5.187999670424239
90,5.609779671799568
91,6.061276328920733
92,6.544173088598114
93,7.060214345654633
94,7.611204830364845
95,8.199008711066806
96,8.825548393711303
97,9.49280300034388
98,10.20280650887635
99,10.957645537004344
100,11.759456753772378
101,12.61042390308508
102,13.512774424417797
103,14.46877565709743
104,15.480730615808556
105,16.550973326434207
106,17.681863712966933
107,18.875782028024908
108,20.135122821479015
109,21.46228844383891
110,22.859682083354947
111,24.329700338264054
112,25.87472532823517
113,27.497116351844507
114,29.19920109982457
115,30.98326643686996
116,32.85154876793696
117,34.80622400822507
118,36.84939717936303
119,38.9830916577187
120,41.20923810419433
121,43.52966310833161
122,45.94607758301554
123,48.46006494950352
124,51.073069155896555
125,53.78638257548048
126,56.60113383457508
127,59.51827562260458
128,62.53857254002071
129,65.66258904243548
130,68.8906775418307
131,72.22296672797209
132,75.65935017514363
133,79.19947530099945
134,82.8427327456862
135,86.58824624038554
136,90.43486303504689
137,94.38114495529761
138,98.42536015831503
139,102.56547565680097
140,106.79915067910275
141,111.12373093195998
142,115.53624383031635
143,120.03339475611179
144,124.611564404964
145,129.26680727615545
146,133.99485135737106
147,138.79109905119122
148,143.65062938544338
149,148.56820154417647
150,153.53825975025887
151,158.55493952444309
152,163.612075339214
153,168.703209678876
154,173.82160351017265
155,178.9602481603111
156,184.11187859162484
157,189.26898805429735
158,194.4238440906352
159,199.568505856374
160,204.69484271647403
161,209.79455406487313
162,214.8591903097651
163,219.88017495822203
164,224.8488277264309
165,229.75638859453383
166,234.59404271809402
167,239.3529461016182
168,244.0242519334036
169,248.59913747529097
170,253.0688313957509
171,257.42464143014854
172,261.6579822480678
173,265.76040340427085
174,269.72361724725005
175,273.53952665743805
176,277.20025248599075
177,280.6981605646781
178,284.025888157815
179,287.1763697283516
180,290.1428618922242
181,292.9189674378333
182,295.4986582910655
183,297.8762973105846
184,300.04665880317634
185,302.00494765469705
186,303.7468169786341
187,305.2683841913823
188,306.5662454310421
189,307.6374882447985
190,308.47970247869404
191,309.0909893128079
192,309.46996839443267
193,309.6157830317447
194,309.441999510632
195,308.812594960906
196,307.728617449393
197,306.1948637113168
198,304.21810149895487
199,301.8070198350269
200,298.97216539055626
201,295.7258656390507
202,292.08213957044285
203,288.05659686955624
204,283.6663265734167
205,278.92977631816143
206,273.86662336851214
207,268.49763868984763
208,262.8445453741918
209,256.92987276648637
210,250.7768076561734
211,244.40904390142651
212,237.85063183965164
213,231.1258288086495
214,224.25895205884257
215,217.27423527915536
216,210.19568988862153
217,203.04697216384562
218,195.85125718047763
219,188.6311204463698
220,181.40842799666876
221,174.2042356083793
222,167.03869767558015
223,159.9309861681242
224,152.89921997793329
225,145.9604048394662
226,139.13038389607473
227,132.42379887315386
228,125.85406171350266
229,119.43333643127414
230,113.17253084929617
231,107.08129780122412
232,101.16804530561875
233,95.43995515413839
234,89.90300930094935
235,84.56202339537931
236,79.42068676480721
237,74.4816081296869
238,69.74636631719999
239,65.2155652339519
240,60.88889236088544
241,56.76518004460933
242,52.84246887796316
243,49.11807248813799
244,45.58864308226614
245,42.250237137268456
246,39.09838066207068
247,36.12813350523054
248,33.33415222872323
249,30.710751118302547
250,28.251960951707012
251,25.95158519727687
252,23.803253366598877
253,21.800471294968766
254,19.93666817218593
