0,0.0
1,0.0
2,0.0
3,0.0
4,0.0
5,0.0
6,0.0
7,0.0
8,0.0
9,0.0
10,0.0
11,0.0
12,0.0
13,0.0
14,0.0
15,0.0
16,0.0
17,0.0
18,0.0
19,0.0
20,0.0
21,0.0
22,0.0
23,0.0
24,0.0
25,0.0
26,0.0
27,0.0
28,0.0
29,0.0
30,0.0
31,0.0
32,0.0
33,0.0
34,0.0
35,0.0
36,0.0
37,0.0
38,0.0
39,2.9644e-320
40,6.9383298706e-314
41,1.2029080341409719e-307
42,1.8077172956018035e-301
43,2.3547739523208027e-295
44,2.658817663712003e-289
45,2.602246959225336e-283
46,2.2076442291085258e-277
47,1.623417731774441e-271
48,1.034789721729579e-265
49,5.717346977060491e-260
50,2.738152392676026e-254
51,1.1366880729927912e-248
52,4.090210065317032e-243
53,1.27576459481801e-237
54,3.449181911715601e-232
55,8.083180496292697e-227
56,1.641984584955707e-221
57,2.8911890929280766e-216
58,4.41270139807083e-211
59,5.837853684509413e-206
60,6.694567023014599e-201
61,6.65445364381397e-196
62,5.733541184321111e-191
63,4.282073238988091e-186
64,2.772080691756684e-181
65,1.5555295545400469e-176
66,7.566086259508255e-172
67,3.189957756236118e-167
68,1.1657869719769872e-162
69,3.692955595356708e-158
70,1.0140271798359949e-153
71,2.4134912487084366e-149
72,4.9792333881540536e-145
73,8.904301567512345e-141
74,1.3802503288703268e-136
75,1.8545411776897966e-132
76,2.1599103442140736e-128
77,2.1804974859384743e-124
78,1.9080777988971723e-120
79,1.447295423331534e-116
80,9.515660116621057e-113
81,5.423020875315611e-109
82,2.6789478118782676e-105
83,1.1471173608728546e-101
84,4.257670751413513e-98
85,1.3697992304298254e-94
86,3.819991388622532e-91
87,9.233970273743323e-88
88,1.9347960077540382e-84
89,3.51400613436522e-81
90,5.532105710389231e-78
91,7.54916725435317e-75
92,8.929522724401005e-72
93,9.155415706818368e-69
94,8.136703906131411e-66
95,6.268152852716082e-63
96,4.1855377842706886e-60
97,2.4226104006588745e-57
98,1.2154483550434311e-54
99,5.285791950585497e-52
100,1.992527125976741e-49
101,6.510570440134481e-47
102,1.8439726013205113e-44
103,4.527000138507584e-42
104,9.633568149516127e-40
105,1.7769878667365215e-37
106,2.841203710307305e-35
107,3.937684408827445e-33
108,4.730423910815319e-31
109,4.9258347545968047e-29
110,4.446110358064463e-27
111,3.4785741082604403e-25
112,2.3590812790167223e-23
113,1.3867723390467712e-21
114,7.066234715418459e-20
115,3.120984198655694e-18
116,1.194856369101603e-16
117,3.965157641996618e-15
118,1.1405802197305129e-13
119,2.8438837218905973e-12
120,6.146366559907248e-11
121,1.1514516370069196e-09
122,1.8697931654071272e-08
123,2.6318555949079376e-07
124,3.211080310215642e-06
125,3.395946976788487e-05
126,0.00031130869869813754
127,0.0024736726860137797
128,0.017037812458948188
129,0.10171993068888838
130,0.5264036596245074
131,2.3613065207798813
132,9.18134813668733
133,30.944335866398706
134,90.40167960383356
135,228.92459521264732
136,502.4918620243146
137,956.0623867629956
138,1576.7544115786131
139,2254.044569681039
140,2793.068364516951
141,3000.0000000000005
142,2793.068364516974
143,2254.0445696810752
144,1576.7544115786516
145,956.0623867630269
146,502.49186202433503
147,228.9245952126585
148,90.4016796038387
149,30.94433586640071
150,9.181348136688007
151,2.3613065207800723
152,0.526403659624555
153,0.10171993068889831
154,0.017037812458950002
155,0.002473672686014061
156,0.00031130869869817516
157,3.395946976788934e-05
158,3.2110803102160866e-06
159,2.631855594908321e-07
160,1.8697931654074125e-08
161,1.1514516370071078e-09
162,6.146366559908296e-11
163,2.8438837218911026e-12
164,1.1405802197307236e-13
165,3.965157641997407e-15
166,1.1948563691018491e-16
167,3.12098419865636e-18
168,7.066234715420015e-20
169,1.3867723390470866e-21
170,2.3590812790172756e-23
171,3.47857410826128e-25
172,4.4461103580656e-27
173,4.925834754598064e-29
174,4.7304239108165295e-31
175,3.937684408828508e-33
176,2.841203710308153e-35
177,1.7769878667370516e-37
178,9.633568149519002e-40
179,4.5270001385090006e-42
180,1.843972601321114e-44
181,6.510570440136609e-47
182,1.9925271259773922e-49
183,5.2857919505872244e-52
184,1.21544835504388e-54
185,2.4226104006597699e-57
186,4.1855377842721157e-60
187,6.268152852718398e-63
188,8.136703906134417e-66
189,9.155415706822012e-69
190,8.929522724404559e-72
191,7.549167254356173e-75
192,5.532105710391432e-78
193,3.5140061343666186e-81
194,1.9347960077549183e-84
195,9.233970273747525e-88
196,3.8199913886242696e-91
197,1.3697992304304484e-94
198,4.25767075141557e-98
199,1.1471173608733763e-101
200,2.6789478118794855e-105
201,5.423020875318385e-109
202,9.515660116625926e-113
203,1.4472954233322743e-116
204,1.9080777988981484e-120
205,2.18049748593959e-124
206,2.1599103442151784e-128
207,1.8545411776907454e-132
208,1.380250328871033e-136
209,8.904301567516899e-141
210,4.979233388156601e-145
211,2.4134912487096717e-149
212,1.0140271798365137e-153
213,3.692955595358807e-158
214,1.165786971977716e-162
215,3.1899577562381127e-167
216,7.566086259512986e-172
217,1.5555295545410197e-176
218,2.772080691758418e-181
219,4.282073238991012e-186
220,5.733541184325023e-191
221,6.65445364381813e-196
222,6.694567023019165e-201
223,5.837853684513063e-206
224,4.412701398073589e-211
225,2.8911890929300485e-216
226,1.6419845849566402e-221
227,8.083180496297292e-227
228,3.4491819117179536e-232
229,1.2757645948190255e-237
230,4.090210065320287e-243
231,1.1366880729936957e-248
232,2.7381523926782053e-254
233,5.7173469770650415e-260
234,1.0347897217304027e-265
235,1.6234177317757332e-271
236,2.2076442291102824e-277
237,2.6022469592274068e-283
238,2.658817663714119e-289
239,2.354773952322409e-295
240,1.8077172956032423e-301
241,1.2029080341418612e-307
242,6.9383298706e-314
243,2.9644e-320
244,0.0
245,0.0
246,0.0
247,0.0
248,0.0
249,0.0
250,0.0
251,0.0
252,0.0
253,0.0
254,0.0
