0.0,7.542430601827047e-06
1.0,9.711309740835007e-05
2.0,0.0010528317015267563
3.0,0.009610694332480739
4.0,0.07386951374324692
5.0,0.47806877614460064
6.0,2.6051346984902377
7.0,11.953212798120227
8.0,46.179984514915844
9.0,150.22339714002175
10.0,411.46797461686145
11.0,948.9627449595263
12.0,1842.7946854523184
13.0,3013.1406418674
14.0,4148.360780484329
15.0,4808.928280438639
16.0,4856.826371513707
17.0,4824.951812449005
18.0,4765.699557407315
19.0,4680.083658208673
20.0,4569.554379406302
21.0,4435.957337547169
22.0,4281.4822566341845
23.0,4108.603327115261
24.0,3920.0134357298175
25.0,3718.554703068538
26.0,3507.147819684797
27.0,3288.7226116361558
28.0,3066.152100346704
29.0,2842.1920631379253
30.0,2619.427767612773
31.0,2400.2291663572255
32.0,2186.7154208671027
33.0,1980.7291981081378
34.0,1783.820771339613
35.0,1597.2415779984512
36.0,1421.9465573695172
37.0,1258.604321215343
38.0,1107.6140088651607
39.0,969.1275474178065
40.0,843.0759765048713
41.0,729.1985006710612
42.0,627.0729931029592
43.0,536.1467822844929
44.0,455.7666969936599
45.0,385.2075132245964
46.0,323.698127738797
47.0,270.4449665360015
48.0,224.65231348871814
49.0,185.539407312457
50.0,152.35429843179955
51.0,124.3845775376184
52.0,100.96518290346496
53.0,81.48356363725749
54.0,65.38252213021984
55.0,52.1610832138622
56.0,41.37374286344542
57.0,32.62843903832729
58.0,25.583564930082993
59.0,19.944313932540854
60.0,15.458609238600655
61.0,11.912831914065599
62.0,9.12752194966833
63.0,6.953189009449758
64.0,5.266334749483195
65.0,3.9657575926579773
66.0,2.969184226337524
67.0,2.2102500147947706
68.0,1.6358328931280541
69.0,1.203731840234989
70.0,0.8806712870409484
71.0,0.64060629632498
72.0,0.4632995152906446
73.0,0.333139221011823
74.0,0.23816775503370233
75.0,0.16929083117732274
76.0,0.11964021605099869
77.0,0.0840648063880928
78.0,0.058727906905912924
79.0,0.040791352502699586
80.0,0.02816987793024771
81.0,0.019341720443464848
82.0,0.013203787184587746
83.0,0.008961799161507666
84.0,0.006047629475727973
85.0,0.004057592418098881
86.0,0.002706730039008083
87.0,0.0017952078646829898
88.0,0.0011837985911190775
89.0,0.0007761294670089632
90.0,0.0005059222773899491
91.0,0.0003278888972193115
92.0,0.00021128219304839457
93.0,0.00013536062724100228
94.0,8.622140536193777e-05
95.0,5.4604836822328785e-05
96.0,3.438273397172926e-05
97.0,2.1524990948528773e-05
98.0,1.3397964572992489e-05
99.0,8.291401576410548e-06
100.0,5.101646372146977e-06
101.0,3.1209443910171666e-06
102.0,1.8982568969339176e-06
103.0,1.1479347939698285e-06
104.0,6.901964636569954e-07
105.0,4.1259267847758454e-07
106.0,2.452243440346788e-07
107.0,1.4491018903757866e-07
108.0,8.513880332117036e-08
109.0,4.973354735127723e-08
110.0,2.8884483769488366e-08
111.0,1.667911718748754e-08
112.0,9.575793831490478e-09
113.0,5.466002061900063e-09
114.0,3.1021162763444564e-09
115.0,1.7504093751352756e-09
116.0,9.82006734518031e-10
117.0,5.477502427202836e-10
118.0,3.03769361481417e-10
119.0,1.6749376117861495e-10
120.0,9.182196423708588e-11
121.0,5.004812362485132e-11
122.0,2.712203660924621e-11
123.0,1.4613359653912413e-11
124.0,7.82836605706426e-12
125.0,4.1695141742761605e-12
126.0,2.2079694546228895e-12
127.0,1.1625026312213916e-12
128.0,6.08538563814803e-13
129.0,3.167200395288118e-13
130.0,1.6389143498245914e-13
131.0,8.431993241174908e-14
132.0,4.313179365045327e-14
133.0,2.19360316956587e-14
134.0,1.1092051778344544e-14
135.0,5.57646510059615e-15
136.0,2.7874004514597668e-15
137.0,1.3852655074877673e-15
138.0,6.844787224130775e-16
139.0,3.36263834507483e-16
140.0,1.6424556328070393e-16
141.0,7.976280345399624e-17
142.0,3.8512388144568586e-17
143.0,1.8488163243199443e-17
144.0,8.824301971094754e-18
145.0,4.187552190463662e-18
146.0,1.9757563266066208e-18
147.0,9.2682941119728e-19
148.0,4.3227439291518113e-19
149.0,2.0045296722982265e-19
150.0,9.241846399502682e-20
151.0,4.236412884442609e-20
152.0,1.9307724411909143e-20
153.0,8.748975079644717e-21
154.0,3.941636263067065e-21
155.0,1.7655872631751117e-21
156.0,7.863123678291872e-22
157.0,3.481723696487028e-22
158.0,1.5328045362301168e-22
159.0,6.709227645168392e-23
160.0,2.9197895892013307e-23
161.0,1.2633505120825708e-23
162.0,5.434873534613377e-24
163.0,2.3246003670934868e-24
164.0,9.885540924772738e-25
165.0,4.179707127499246e-25
166.0,1.7570517073298836e-25
167.0,7.343726765750226e-26
168.0,3.0516994164844505e-26
169.0,1.260840865633156e-26
170.0,5.179312021937868e-27
171.0,2.1153252400469255e-27
172.0,8.589650720680602e-28
173.0,3.467904544142148e-28
174.0,1.3920410490986655e-28
175.0,5.555590499483433e-29
176.0,2.204457285136744e-29
177.0,8.696939055625327e-30
178.0,3.411335568547582e-30
179.0,1.330380085594546e-30
180.0,5.158462827004627e-31
181.0,1.9886490739890437e-31
182.0,7.622356841652707e-32
183.0,2.904782889488544e-32
184.0,1.1006046822330115e-32
185.0,4.146124238028048e-33
186.0,1.5529109206353932e-33
187.0,5.782878313561921e-34
188.0,2.1410895927845408e-34
189.0,7.881681924479617e-35
190.0,2.884670713000685e-35
191.0,1.049704027235763e-35
192.0,3.797788355551693e-36
193.0,1.3661171103838005e-36
194.0,4.885830319097431e-37
195.0,1.7373291504008503e-37
196.0,6.142131500269159e-38
197.0,2.1589838364333108e-38
198.0,7.545238093860748e-39
199.0,2.621740986575659e-39
200.0,9.057323831232516e-40
201.0,3.1110234496793336e-40
202.0,1.0624290836345573e-40
203.0,3.6073633957468427e-41
204.0,1.217791993826682e-41
205.0,4.087423260105907e-42
206.0,1.3640157549063318e-42
207.0,4.525665364407304e-43
208.0,1.4929276691861234e-43
209.0,4.896529473840234e-44
210.0,1.5967291578723382e-44
211.0,5.176871869951721e-45
212.0,1.668771420261044e-45
213.0,5.348346891187748e-46
214.0,1.7042588544358641e-46
215.0,5.399391612430299e-47
216.0,1.7007769961372978e-47
217.0,5.3265155090814264e-48
218.0,1.6585642334976527e-48
219.0,5.134695247552212e-49
220.0,1.5804848115968236e-49
221.0,4.836812561937427e-50
222.0,1.4717073742397016e-50
223.0,4.4522234352165963e-51
224.0,1.3391391710641333e-51
225.0,4.0046793953169995e-52
226.0,1.1907019638186255e-52
227.0,3.5199108463572197e-53
228.0,1.0345548820463454e-53
229.0,3.0232125545515517e-54
230.0,8.78369217415098e-55
231.0,2.537340839120673e-55
232.0,7.28741980963737e-56
233.0,2.0809519159311045e-56
234.0,5.908042062626643e-57
235.0,1.667701768043566e-57
236.0,4.680437786109617e-58
237.0,1.3060140274958463e-58
238.0,3.6232848946416143e-59
239.0,9.994254454062166e-60
240.0,2.7408899500654053e-60
241.0,7.47353498060869e-61
242.0,2.0260670883490974e-61
243.0,5.461033607883158e-62
244.0,1.463487959442431e-62
245.0,3.8993905537913543e-63
246.0,1.0329935123062719e-63
247.0,2.7207693699420125e-64
248.0,7.124906058954887e-65
249.0,1.8550679943802374e-65
250.0,4.802128748810178e-66
251.0,1.2359504040563216e-66
252.0,3.162725972969727e-67
253.0,8.046654668835129e-68
254.0,2.035459375491436e-68
