0.0,2.0045498798002104
1.0,2.0075928579926856
2.0,2.0132544379023156
3.0,2.0292297182981027
4.0,2.105053795024419
5.0,2.5270906921126084
6.0,4.681370367162848
7.0,14.070515929729762
8.0,48.358586711923884
9.0,152.49249833264804
10.0,413.8692218058614
11.0,951.5548323863667
12.0,1845.6593414223162
13.0,3016.3902920456217
14.0,4152.148188441918
15.0,4813.45845602445
16.0,4862.37099761619
17.0,4831.866361685443
18.0,4774.443143340596
19.0,4691.24148349771
20.0,4583.862401568513
21.0,4454.328472281454
22.0,4305.033086035454
23.0,4138.679890879022
24.0,3958.214282101129
25.0,3766.7489968113596
26.0,3567.4859892833415
27.0,3363.63681610938
28.0,3158.343758746855
29.0,2954.6038655308994
30.0,2755.1980145010975
31.0,2562.6269874969094
32.0,2379.056405002442
33.0,2206.2721950242985
34.0,2045.6480483495325
35.0,1898.1260349196032
36.0,1764.2112102916271
37.0,1643.9806196325517
38.0,1537.1066091070672
39.0,1442.8937907485324
40.0,1360.3283986817592
41.0,1288.1381555558642
42.0,1224.8601819737382
43.0,1168.9139786316596
44.0,1118.6761418934814
45.0,1072.5532844767245
46.0,1029.0496580849385
47.0,986.8262312955973
48.0,944.7484599215824
49.0,904.3361827915991
50.0,867.2670510477859
51.0,832.8706710355178
52.0,800.5511657405494
53.0,769.791098233971
54.0,740.1526221732622
55.0,711.2762489528466
56.0,682.8776360969804
57.0,654.7427992755687
58.0,626.7221341749561
59.0,598.7236076472217
60.0,570.7054431954788
61.0,542.668586730971
62.0,514.6491970809686
63.0,486.71136393454503
64.0,458.9402153605351
65.0,431.4355388885735
66.0,404.3060052164933
67.0,377.6640523896483
68.0,351.6214610280993
69.0,326.28562789434795
70.0,301.7565256877393
71.0,278.1243212095072
72.0,255.4676116873536
73.0,233.85222976743063
74.0,213.33056114763752
75.0,193.94131471330414
76.0,175.70968302910768
77.0,158.6478308397083
78.0,142.7556505544061
79.0,128.0217262749923
80.0,114.42445152589093
81.0,101.93325023408686
82.0,90.5098554724496
83.0,80.1096058297905
84.0,70.68272482707258
85.0,62.17555440183798
86.0,54.53171899059332
87.0,47.693202029199604
88.0,41.60132166172256
89.0,36.1975970164941
90.0,31.424500512459176
91.0,27.226095257300567
92.0,23.548559668391267
93.0,20.340603982932613
94.0,17.553785335018357
95.0,15.142729588687901
96.0,13.065269162284421
97.0,11.282506704207789
98.0,9.758814733100415
99.0,8.461781289909593
100.0,7.362111319785053
101.0,6.433492962425593
102.0,5.65243723199036
103.0,4.998098760059353
104.0,4.452084400677394
105.0,3.9982555931578316
106.0,3.622529478190572
107.0,3.3126828921454066
108.0,3.0581625437899835
109.0,2.8499039220350886
110.0,2.680160802910863
111.0,2.5423466245214823
112.0,2.430888482232206
113.0,2.3410940617295175
114.0,2.2690314713341264
115.0,2.211421651676327
116.0,2.165542823928259
117.0,2.1291462798150587
118.0,2.100382709829193
119.0,2.0777382026764126
120.0,2.0599790214845295
121.0,2.0461042636801987
122.0,2.0353055352757794
123.0,2.026932810906949
124.0,2.0204657033696103
125.0,2.015489426421458
126.0,2.0116747987658155
127.0,2.0087617026281848
128.0,2.0065454749917566
129.0,2.0048657717451235
130.0,2.0035975035534723
131.0,2.002643496430569
132.0,2.0019285793258543
133.0,2.0013948453720847
134.0,2.0009978727882736
135.0,2.0007037259734872
136.0,2.0004865873376736
137.0,2.000326896242779
138.0,2.000209893456157
139.0,2.000124488149264
140.0,2.0000623801059776
141.0,2.000017382819341
142.0,1.9999849039119275
143.0,1.9999615481423718
144.0,1.999944815455525
145.0,1.9999328723593504
146.0,1.9999243795983546
147.0,1.9999183628402277
148.0,1.9999141160695966
149.0,1.9999111297343934
150.0,1.9999090375369488
151.0,1.9999075772036474
152.0,1.9999065616863212
153.0,1.999905858112766
154.0,1.999905372467375
155.0,1.999905038489744
156.0,1.9999048096641698
157.0,1.9999046534639913
158.0,1.9999045472335557
159.0,1.9999044752542687
160.0,1.999904426663036
161.0,1.9999043939816308
162.0,1.999904372082011
163.0,1.9999043574613813
164.0,1.9999043477363765
165.0,1.9999043412915927
166.0,1.9999043370363698
167.0,1.9999043342371816
168.0,1.9999043324025942
169.0,1.9999043312046365
170.0,1.999904330425269
171.0,1.9999043299200951
172.0,1.9999043295938548
173.0,1.9999043293839445
174.0,1.9999043292493803
175.0,1.9999043291634346
176.0,1.9999043291087433
177.0,1.9999043290740683
178.0,1.999904329052165
179.0,1.9999043290383798
180.0,1.9999043290297358
181.0,1.9999043290243357
182.0,1.9999043290209741
183.0,1.9999043290188896
184.0,1.9999043290176015
185.0,1.9999043290168086
186.0,1.999904329016322
187.0,1.999904329016025
188.0,1.9999043290158438
189.0,1.9999043290157341
190.0,1.999904329015668
191.0,1.999904329015628
192.0,1.999904329015604
193.0,1.9999043290155896
194.0,1.999904329015581
195.0,1.999904329015576
196.0,1.999904329015573
197.0,1.9999043290155711
198.0,1.9999043290155702
199.0,1.9999043290155696
200.0,1.9999043290155691
201.0,1.999904329015569
202.0,1.999904329015569
203.0,1.999904329015569
204.0,1.9999043290155687
205.0,1.9999043290155687
206.0,1.9999043290155687
207.0,1.9999043290155687
208.0,1.9999043290155687
209.0,1.9999043290155687
210.0,1.9999043290155687
211.0,1.9999043290155687
212.0,1.9999043290155687
213.0,1.9999043290155687
214.0,1.9999043290155687
215.0,1.9999043290155687
216.0,1.9999043290155687
217.0,1.9999043290155687
218.0,1.9999043290155687
219.0,1.9999043290155687
220.0,1.9999043290155687
221.0,1.9999043290155687
222.0,1.9999043290155687
223.0,1.9999043290155687
224.0,1.9999043290155687
225.0,1.9999043290155687
226.0,1.9999043290155687
227.0,1.9999043290155687
228.0,1.9999043290155687
229.0,1.9999043290155687
230.0,1.9999043290155687
231.0,1.9999043290155687
232.0,1.9999043290155687
233.0,1.9999043290155687
234.0,1.9999043290155687
235.0,1.9999043290155687
236.0,1.9999043290155687
237.0,1.9999043290155687
238.0,1.9999043290155687
239.0,1.9999043290155687
240.0,1.9999043290155687
241.0,1.9999043290155687
242.0,1.9999043290155687
243.0,1.9999043290155687
244.0,1.9999043290155687
245.0,1.9999043290155687
246.0,1.9999043290155687
247.0,1.9999043290155687
248.0,1.9999043290155687
249.0,1.9999043290155687
250.0,1.9999043290155687
251.0,1.9999043290155687
252.0,1.9999043290155687
253.0,1.9999043290155687
254.0,1.9999043290155687
