0.0,0.004638
1.0,0.007591
2.0,0.012297
3.0,0.019715
4.0,0.031280
5.0,0.049118
6.0,0.076331
7.0,0.117399
8.0,0.178698
9.0,0.269197
10.0,0.401343
11.0,0.592183
12.0,0.864752
13.0,1.249746
14.0,1.787504
15.0,2.530271
16.0,3.544722
17.0,4.914645
18.0,6.743682
19.0,9.157921
20.0,12.308118
21.0,16.371230
22.0,21.550925
23.0,28.076659
24.0,36.200942
25.0,46.194389
26.0,58.338265
27.0,72.914300
28.0,90.191754
29.0,110.411898
30.0,133.770343
31.0,160.397917
32.0,190.341080
33.0,223.543093
34.0,259.827373
35.0,298.884553
36.0,340.264749
37.0,383.376394
38.0,427.492696
39.0,471.766339
40.0,515.252518
41.0,556.939751
42.0,595.787285
43.0,630.767292
44.0,660.909541
45.0,685.345867
46.0,703.351626
47.0,714.381360
48.0,718.096242
49.0,716.796871
50.0,712.912848
51.0,706.486189
52.0,697.586079
53.0,686.307630
54.0,672.770196
55.0,657.115261
56.0,639.503989
57.0,620.114456
58.0,599.138665
59.0,576.779389
60.0,553.246930
61.0,528.755850
62.0,503.521771
63.0,477.758271
64.0,451.673976
65.0,425.469877
66.0,399.336917
67.0,373.453898
68.0,347.985724
69.0,323.081992
70.0,298.875950
71.0,275.483811
72.0,253.004408
73.0,231.519186
74.0,211.092489
75.0,191.772120
76.0,173.590138
77.0,156.563862
78.0,140.697018
79.0,125.981031
80.0,112.396377
81.0,99.914004
82.0,88.496747
83.0,78.100740
84.0,68.676773
85.0,60.171592
86.0,52.529108
87.0,45.691502
88.0,39.600234
89.0,34.196917
90.0,29.424090
91.0,25.225863
92.0,21.548444
93.0,18.340564
94.0,15.553795
95.0,13.142771
96.0,11.065330
97.0,9.282581
98.0,7.758897
99.0,6.461869
100.0,5.362202
101.0,4.433586
102.0,3.652531
103.0,2.998193
104.0,2.452179
105.0,1.998351
106.0,1.622625
107.0,1.312778
108.0,1.058258
109.0,0.850000
110.0,0.680256
111.0,0.542442
112.0,0.430984
113.0,0.341190
114.0,0.269127
115.0,0.211517
116.0,0.165638
117.0,0.129242
118.0,0.100478
119.0,0.077834
120.0,0.060075
121.0,0.046200
122.0,0.035401
123.0,0.027028
124.0,0.020561
125.0,0.015585
126.0,0.011770
127.0,0.008857
128.0,0.006641
129.0,0.004961
130.0,0.003693
131.0,0.002739
132.0,0.002024
133.0,0.001491
134.0,0.001094
135.0,0.000799
136.0,0.000582
137.0,0.000423
138.0,0.000306
139.0,0.000220
140.0,0.000158
141.0,0.000113
142.0,0.000081
143.0,0.000057
144.0,0.000040
145.0,0.000029
146.0,0.000020
147.0,0.000014
148.0,0.000010
149.0,0.000007
150.0,0.000005
151.0,0.000003
152.0,0.000002
153.0,0.000002
154.0,0.000001
155.0,0.000001
156.0,0.000000
157.0,0.000000
158.0,0.000000
159.0,0.000000
160.0,0.000000
161.0,0.000000
162.0,0.000000
163.0,0.000000
164.0,0.000000
165.0,0.000000
166.0,0.000000
167.0,0.000000
168.0,0.000000
169.0,0.000000
170.0,0.000000
171.0,0.000000
172.0,0.000000
173.0,0.000000
174.0,0.000000
175.0,0.000000
176.0,0.000000
177.0,0.000000
178.0,0.000000
179.0,0.000000
180.0,0.000000
181.0,0.000000
182.0,0.000000
183.0,0.000000
184.0,0.000000
185.0,0.000000
186.0,0.000000
187.0,0.000000
188.0,0.000000
189.0,0.000000
190.0,0.000000
191.0,0.000000
192.0,0.000000
193.0,0.000000
194.0,0.000000
195.0,0.000000
196.0,0.000000
197.0,0.000000
198.0,0.000000
199.0,0.000000
200.0,0.000000
201.0,0.000000
202.0,0.000000
203.0,0.000000
204.0,0.000000
205.0,0.000000
206.0,0.000000
207.0,0.000000
208.0,0.000000
209.0,0.000000
210.0,0.000000
211.0,0.000000
212.0,0.000000
213.0,0.000000
214.0,0.000000
215.0,0.000000
216.0,0.000000
217.0,0.000000
218.0,0.000000
219.0,0.000000
220.0,0.000000
221.0,0.000000
222.0,0.000000
223.0,0.000000
224.0,0.000000
225.0,0.000000
226.0,0.000000
227.0,0.000000
228.0,0.000000
229.0,0.000000
230.0,0.000000
231.0,0.000000
232.0,0.000000
233.0,0.000000
234.0,0.000000
235.0,0.000000
236.0,0.000000
237.0,0.000000
238.0,0.000000
239.0,0.000000
240.0,0.000000
241.0,0.000000
242.0,0.000000
243.0,0.000000
244.0,0.000000
245.0,0.000000
246.0,0.000000
247.0,0.000000
248.0,0.000000
249.0,0.000000
250.0,0.000000
251.0,0.000000
252.0,0.000000
253.0,0.000000
254.0,0.000000
