0.0,0.002522
1.0,0.003011
2.0,0.003589
3.0,0.004271
4.0,0.005074
5.0,0.006018
6.0,0.007126
7.0,0.008424
8.0,0.009942
9.0,0.011714
10.0,0.013779
11.0,0.016181
12.0,0.018971
13.0,0.022205
14.0,0.025946
15.0,0.030268
16.0,0.035251
17.0,0.040987
18.0,0.047577
19.0,0.055134
20.0,0.063787
21.0,0.073675
22.0,0.084955
23.0,0.097800
24.0,0.112401
25.0,0.128966
26.0,0.147729
27.0,0.168940
28.0,0.192877
29.0,0.219840
30.0,0.250158
31.0,0.284185
32.0,0.322306
33.0,0.364934
34.0,0.412516
35.0,0.465529
36.0,0.524484
37.0,0.589926
38.0,0.662434
39.0,0.742621
40.0,0.831135
41.0,0.928659
42.0,1.035906
43.0,1.153624
44.0,1.282590
45.0,1.423610
46.0,1.577518
47.0,1.745168
48.0,1.927435
49.0,2.125212
50.0,2.339399
51.0,2.570906
52.0,2.820642
53.0,3.089508
54.0,3.378395
55.0,3.688174
56.0,4.019685
57.0,4.373735
58.0,4.751083
59.0,5.152436
60.0,5.578434
61.0,6.029644
62.0,6.506552
63.0,7.009545
64.0,7.538910
65.0,8.094816
66.0,8.677312
67.0,9.286310
68.0,9.921581
69.0,10.582746
70.0,11.269265
71.0,11.980434
72.0,12.715379
73.0,13.473046
74.0,14.252204
75.0,15.051439
76.0,15.869154
77.0,16.703569
78.0,17.552724
79.0,18.414483
80.0,19.286539
81.0,20.166421
82.0,21.051502
83.0,21.939015
84.0,22.826057
85.0,23.709611
86.0,24.586557
87.0,25.453691
88.0,26.307741
89.0,27.145392
90.0,27.963300
91.0,28.758119
92.0,29.526522
93.0,30.265221
94.0,30.970996
95.0,31.640712
96.0,32.271346
97.0,32.860008
98.0,33.403963
99.0,33.900655
100.0,34.347721
101.0,34.743017
102.0,35.084628
103.0,35.370890
104.0,35.600397
105.0,35.772020
106.0,35.884907
107.0,35.938500
108.0,35.932532
109.0,35.867033
110.0,35.742328
111.0,35.559036
112.0,35.318062
113.0,35.020595
114.0,34.668090
115.0,34.262265
116.0,33.805081
117.0,33.298728
118.0,32.745608
119.0,32.148316
120.0,31.509619
121.0,30.832435
122.0,30.119812
123.0,29.374903
124.0,28.600945
125.0,27.801234
126.0,26.979104
127.0,26.137902
128.0,25.280967
129.0,24.411608
130.0,23.533084
131.0,22.648585
132.0,21.761210
133.0,20.873956
134.0,19.989699
135.0,19.111179
136.0,18.240993
137.0,17.381578
138.0,16.535209
139.0,15.703988
140.0,14.889837
141.0,14.094501
142.0,13.319540
143.0,12.566331
144.0,11.836069
145.0,11.129772
146.0,10.448280
147.0,9.792263
148.0,9.162229
149.0,8.558525
150.0,7.981352
151.0,7.430769
152.0,6.906703
153.0,6.408961
154.0,5.937234
155.0,5.491114
156.0,5.070100
157.0,4.673609
158.0,4.300985
159.0,3.951512
160.0,3.624419
161.0,3.318893
162.0,3.034085
163.0,2.769122
164.0,2.523110
165.0,2.295145
166.0,2.084317
167.0,1.889718
168.0,1.710449
169.0,1.545621
170.0,1.394362
171.0,1.255822
172.0,1.129172
173.0,1.013613
174.0,0.908372
175.0,0.812709
176.0,0.725916
177.0,0.647317
178.0,0.576272
179.0,0.512175
180.0,0.454452
181.0,0.402567
182.0,0.356015
183.0,0.314324
184.0,0.277055
185.0,0.243801
186.0,0.214183
187.0,0.187851
188.0,0.164483
189.0,0.143783
190.0,0.125481
191.0,0.109326
192.0,0.095094
193.0,0.082577
194.0,0.071589
195.0,0.061960
196.0,0.053537
197.0,0.046183
198.0,0.039773
199.0,0.034196
200.0,0.029352
201.0,0.025153
202.0,0.021518
203.0,0.018379
204.0,0.015671
205.0,0.013340
206.0,0.011337
207.0,0.009619
208.0,0.008148
209.0,0.006890
210.0,0.005817
211.0,0.004903
212.0,0.004125
213.0,0.003465
214.0,0.002906
215.0,0.002433
216.0,0.002034
217.0,0.001697
218.0,0.001414
219.0,0.001176
220.0,0.000977
221.0,0.000810
222.0,0.000670
223.0,0.000554
224.0,0.000457
225.0,0.000376
226.0,0.000309
227.0,0.000254
228.0,0.000208
229.0,0.000170
230.0,0.000139
231.0,0.000113
232.0,0.000092
233.0,0.000075
234.0,0.000061
235.0,0.000049
236.0,0.000040
237.0,0.000032
238.0,0.000026
239.0,0.000021
240.0,0.000017
241.0,0.000013
242.0,0.000011
243.0,0.000009
244.0,0.000007
245.0,0.000005
246.0,0.000004
247.0,0.000003
248.0,0.000003
249.0,0.000002
250.0,0.000002
251.0,0.000001
252.0,0.000001
253.0,0.000001
254.0,0.000001
