0.0,2.4014981330958283e-52
1.0,9.49799458708881e-50
2.0,3.241334863607629e-47
3.0,9.544610310008806e-45
4.0,2.4251288663662516e-42
5.0,5.316842052365555e-40
6.0,1.0058078367438041e-37
7.0,1.6417937182628225e-35
8.0,2.312408103263468e-33
9.0,2.8103000678184423e-31
10.0,2.947020952123034e-29
11.0,2.6665889279701753e-27
12.0,2.081954518694548e-25
13.0,1.402583490608386e-23
14.0,8.1532080714053085e-22
15.0,4.0895040931197295e-20
16.0,1.7699259103155613e-18
17.0,6.609701475908436e-17
18.0,2.1298593352316017e-15
19.0,5.92191700744023e-14
20.0,1.4207446520836263e-12
21.0,2.941115375828774e-11
22.0,5.253520262063413e-10
23.0,8.097129403611358e-09
24.0,1.0768471592294943e-07
25.0,1.2357179970165924e-06
26.0,1.2235648583556913e-05
27.0,0.00010453866196238676
28.0,0.0007706713198722655
29.0,0.0049023439225262455
30.0,0.026907953759844724
31.0,0.12743827609330863
32.0,0.5207885431424634
33.0,1.8363914986698358
34.0,5.587421620263776
35.0,14.66898054780825
36.0,33.23003048906593
37.0,64.95369552557943
38.0,109.55174736463735
39.0,159.4325789356251
40.0,200.2060290169917
41.0,216.9299672105762
42.0,216.83438985666652
43.0,216.4320496543785
44.0,215.75508260884087
45.0,214.8060708684323
46.0,213.58862512219906
47.0,212.1073617138917
48.0,210.3678734811385
49.0,208.3766945775256
50.0,206.1412595872012
51.0,203.66985728996602
52.0,200.97157947912748
53.0,198.05626527421694
54.0,194.93444140558182
55.0,191.61725897753226
56.0,188.11642724086752
57.0,184.4441449240383
58.0,180.61302968478915
59.0,176.63604625082615
60.0,172.52643381889644
61.0,168.29763327674604
62.0,163.96321480191784
63.0,159.53680637549544
64.0,155.03202372799512
65.0,150.46240220901345
66.0,145.84133104235897
67.0,141.18199039468396
68.0,136.49729164857342
69.0,131.7998212311573
70.0,127.10178830712522
71.0,122.41497660108574
72.0,117.75070056907911
73.0,113.1197660932714
74.0,108.53243582796539
75.0,103.99839927958159
76.0,99.52674765868707
77.0,95.1259534989444
78.0,90.8038549964505
79.0,86.5676449837237
80.0,82.42386441592659
81.0,78.37840021307865
82.0,74.43648727127145
83.0,70.60271442845107
84.0,66.88103414632708
85.0,63.27477564950934
86.0,59.7866612461135
87.0,56.4188255408198
88.0,53.172837241675595
89.0,50.049723255722775
90.0,47.04999476568063
91.0,44.17367498027232
92.0,41.42032825415941
93.0,38.78909027963244
94.0,36.278699060960754
95.0,33.887526393379034
96.0,31.613609581815243
97.0,29.45468314937007
98.0,27.408210301962953
99.0,25.471413933184117
100.0,23.641306971959523
101.0,21.91472189487839
102.0,20.288339244689126
103.0,18.758715016295945
104.0,17.322306791351988
105.0,15.975498522032021
106.0,14.714623883585766
107.0,13.535988133644725
108.0,12.435888433829582
109.0,11.410632605848733
110.0,10.456556309881705
111.0,9.570038647514725
112.0,8.747516204771717
113.0,7.985495562814759
114.0,7.280564314644789
115.0,6.629400635605085
116.0,6.028781463682655
117.0,5.475589352537361
118.0,4.966818065898867
119.0,4.499576986504456
120.0,4.071094416162026
121.0,3.678719845877567
122.0,3.31992527635646
123.0,2.9923056696504626
124.0,2.693578612357687
125.0,2.4215832696745565
126.0,2.1742787078308767
127.0,1.949741660095212
128.0,1.7461638087010698
129.0,1.5618486517944012
130.0,1.395208020917638
131.0,1.2447583106976623
132.0,1.1091164783640566
133.0,0.9869958665537211
134.0,0.8772018986172743
135.0,0.7786276913852405
136.0,0.6902496261255264
137.0,0.6111229142706874
138.0,0.5403771904505549
139.0,0.47721216146441564
140.0,0.42089333609326113
141.0,0.37074785710777614
142.0,0.3261604534882722
143.0,0.28656952775074834
144.0,0.25146339037685134
145.0,0.22037665067909226
146.0,0.19288677099749238
147.0,0.1686107889180921
148.0,0.14720221022325192
149.0,0.12834807352192462
150.0,0.11176618595690226
151.0,0.09720252803565183
152.0,0.08442882447092401
153.0,0.07324027693501593
154.0,0.06345345381506048
155.0,0.054904331393213934
156.0,0.0474464803522135
157.0,0.04094939111060834
158.0,0.03529693121032941
159.0,0.030385927799817743
160.0,0.026124868166771644
161.0,0.022432711264354897
162.0,0.019237803232686406
163.0,0.01647689003355749
164.0,0.014094220481237414
165.0,0.012040733157320288
166.0,0.010273320934961302
167.0,0.008754167100412422
168.0,0.0074501473410904335
169.0,0.006332292163787459
170.0,0.005375304609041052
171.0,0.004557128433730358
172.0,0.003858562239880333
173.0,0.0032629153302184476
174.0,0.0027557013675460654
175.0,0.0023243662032423314
176.0,0.0019580465184290295
177.0,0.0016473561880995628
178.0,0.0013841975328103603
179.0,0.0011615948636135786
180.0,0.0009735479533109014
181.0,0.00081490328059721
182.0,0.0006812410932071532
183.0,0.0005687765219128135
184.0,0.00047427314942132844
185.0,0.00039496759727617375
186.0,0.00032850384025283775
187.0,0.0002728760920067803
188.0,0.00022637922847710732
189.0,0.00018756582740656763
190.0,0.00015520900396139768
191.0,0.00012827031448622587
192.0,0.00010587208357180932
193.0,8.727358449963816e-05
194.0,7.185057039418899e-05
195.0,5.9077713676225414e-05
196.0,4.851356525890544e-05
197.0,3.9787692923777897e-05
198.0,3.258970098654559e-05
199.0,2.665987121110655e-05
200.0,2.178119842052323e-05
201.0,1.7772623818010745e-05
202.0,1.4483295070150351e-05
203.0,1.1787705086999373e-05
204.0,9.58158149764385e-06
205.0,7.778416373768396e-06
206.0,6.306541078873568e-06
207.0,5.1066644714597205e-06
208.0,4.12980429678262e-06
209.0,3.335551670702811e-06
210.0,2.6906172764557216e-06
211.0,2.1676154270342984e-06
212.0,1.7440486404808996e-06
213.0,1.4014609644920926e-06
214.0,1.1247330871686418e-06
215.0,9.014963857825991e-07
216.0,7.216465861588276e-07
217.0,5.769407117738608e-07
218.0,4.606635642160652e-07
219.0,3.6735215669543946e-07
220.0,2.9256837348664685e-07
221.0,2.3271169724193552e-07
222.0,1.8486517358988608e-07
223.0,1.4666890349400255e-07
224.0,1.1621629887276206e-07
225.0,9.196913219299547e-08
226.0,7.268807870135457e-08
227.0,5.737601002670574e-08
228.0,4.5231766669250965e-08
229.0,3.561252858279575e-08
230.0,2.800322976433966e-08
231.0,2.199173480012587e-08
232.0,1.724872143943481e-08
233.0,1.3511400904438663e-08
234.0,1.0570363081578856e-08
235.0,8.258962285031726e-09
236.0,6.4447654094464246e-09
237.0,5.022671760225221e-09
238.0,3.909385824252697e-09
239.0,3.0389833691533353e-09
240.0,2.35935974850727e-09
241.0,1.8293889917293856e-09
242.0,1.4166547099137986e-09
243.0,1.0956403329906378e-09
244.0,8.462877715676703e-10
245.0,6.528511491401236e-10
246.0,5.029865049413409e-10
247.0,3.87029925513329e-10
248.0,2.974259192623963e-10
249.0,2.282754101043319e-10
250.0,1.7497882817991183e-10
251.0,1.3395469158972558e-10
252.0,1.0241802736941702e-10
253.0,7.82061556156786e-11
254.0,5.964190706671754e-11
