0,7.781121220699857e-06
1,1.0090430776572921e-05
2,1.3055724957562876e-05
3,1.685450631062359e-05
4,2.1709750807487307e-05
5,2.790084778076734e-05
6,3.57769834205803e-05
7,4.577346596822525e-05
8,5.8431580821701265e-05
9,7.44226675081235e-05
10,9.457722937426046e-05
11,0.00011992002242793062
12,0.00015171222356225478
13,0.00019150195190509154
14,0.00024118461165938118
15,0.0003030747417833652
16,0.0003799912982179714
17,0.0004753585587959371
18,0.0005933251297323072
19,0.0007389038454243565
20,0.0009181356892309605
21,0.0011382812201859937
22,0.0014080433664774
23,0.001737825837096377
24,0.002140031803110359
25,0.002629407902820132
26,0.0032234390222296203
27,0.0039427996835454
28,0.004811868227593768
29,0.005859310286729676
30,0.007118738296426999
31,0.008629453967421553
32,0.01043728071489903
33,0.01259549299345721
34,0.015165849291064161
35,0.018219735164834164
36,0.02183942212756831
37,0.0261194473871178
38,0.031168118370830566
39,0.037109144605115746
40,0.044083397837246185
41,0.05225079925691836
42,0.06179233027622262
43,0.07291216054064842
44,0.08583988365873362
45,0.10083284754965764
46,0.11817856232122886
47,0.13819716422064604
48,0.16124390947452982
49,0.1877116667939361
50,0.21803337202006445
51,0.25268440289869826
52,0.2921848263842614
53,0.3371014652930498
54,0.38804972567228396
55,0.445695121067028
56,0.5107544251088507
57,0.5839963797003238
58,0.6662418827563467
59,0.758363577340482
60,0.8612847638317581
61,0.97597756032429
62,1.1034602488314145
63,1.2447937796212696
64,1.4010774983202445
65,1.5734443964366955
66,1.7630567638591124
67,1.9711044669525521
68,2.1988110326715122
69,2.4474588214664066
70,2.718456317461721
71,3.0134914626993106
72,3.3348488723021985
73,3.6860177835127925
74,4.072777704027288
75,4.5050031297930815
76,4.999440427540141
77,5.5836185121512765
78,6.300784761571652
79,7.215247151986288
80,8.416757795649557
81,10.021727857056609
82,12.168430333870997
83,15.003386899698832
84,18.657323135364678
85,23.211653822492913
86,28.660149907222255
87,34.87428184113862
88,41.58321047269025
89,48.37891719559561
90,54.75261956004385
91,60.16086372979827
92,64.11056416761245
93,66.24488700098865
94,66.40925940226265
95,64.68049397149683
96,61.35128830987617
97,56.874243346783956
98,51.780023330341834
99,46.58991354983307
100,41.742314730511936
101,37.54653915597864
102,34.16833956509769
103,31.643135988512277
104,29.907375199918597
105,28.836820463305056
106,28.282281044823726
107,28.096888174339984
108,28.152896463864153
109,28.348973384697235
110,28.610552643195955
111,28.886178449108808
112,29.142289602018973
113,29.35807124368641
114,29.521203180550327
115,29.624744733356188
116,29.66505598339548
117,29.653729616612416
118,29.610549894124745
119,29.535823298436384
120,29.429996636155636
121,29.29379591083874
122,29.12820255116561
123,28.934459901014083
124,28.714096532587305
125,28.4689604832492
126,28.201262217626052
127,27.91362577712984
128,27.609148215736386
129,27.291467553297323
130,26.964839347887022
131,26.634221698747012
132,26.305368079560896
133,25.984926880926547
134,25.68054591662013
135,25.40097942743803
136,25.15619431130229
137,24.95747143878479
138,24.81749700807238
139,24.75043799117097
140,24.771994872152092
141,24.89942413603804
142,25.151522398926318
143,25.548563747201413
144,26.112181849613478
145,26.865188792365053
146,27.831323429259527
147,29.03492338937034
148,30.500516778432598
149,32.25233205808694
150,34.31372757060994
151,36.706545643268655
152,39.45040006633385
153,42.56190986433373
154,46.05389650673243
155,49.9345658344001
156,54.20669978852184
157,58.86688627915245
158,63.90481797759962
159,69.30269222661701
160,75.03474442738951
161,81.06694601689331
162,87.3568953852071
163,93.85392576236977
164,100.49944827227648
165,107.22754113813448
166,113.96578764992735
167,120.63635627288788
168,127.15730656435728
169,133.44409480912938
170,139.41124395103418
171,144.97413397257404
172,150.0508618195032
173,154.56411470266104
174,158.44299748186285
175,161.62475409624832
176,164.05632478634885
177,165.69568516095254
178,166.51291986887958
179,166.50798961466572
180,166.05195145775662
181,165.29978487440496
182,164.25417723903652
183,162.91952293435514
184,161.3018807104831
185,159.40891539689213
186,157.24982475734706
187,154.83525246744847
188,152.17718836715088
189,149.28885729408643
190,146.18459793530027
191,142.87973324316968
192,139.39043404439633
193,135.73357752807044
194,131.92660232945738
195,127.98736193040395
196,123.93397807565184
197,119.78469585788704
198,115.55774205450616
199,111.27118820768361
200,106.94281982857467
201,102.59001297887126
202,98.22961934115409
203,93.87786073644097
204,89.55023388599832
205,85.26142604788693
206,81.02524198984891
207,76.85454259192451
208,72.7611952073853
209,68.75603575176557
210,64.84884233931446
211,61.04832014615097
212,57.36209705156387
213,53.79672949471379
214,50.35771788459523
215,47.04953081729178
216,43.875637286767606
217,40.83854602382115
218,37.93985106221306
219,35.18028261092204
220,32.55976230627286
221,30.077461926392054
222,27.731864671960334
223,25.520828150273108
224,23.441648242800696
225,21.49112308828684
226,19.66561647242037
227,17.96111997973094
228,16.37331333208655
229,14.897622409547528
230,13.52927452197014
231,12.263350572361189
232,11.094833824382237
233,10.018655055534508
234,9.029733943504594
235,8.123016595140427
236,7.2935091849241305
237,6.536307722123241
238,5.846624012684005
239,5.219807923161518
240,4.651366089465847
241,4.136977242959516
242,3.672504350587498
243,3.2540037844636074
244,2.8777317499575363
245,2.5401482101670996
246,2.2379185491103835
247,1.9679132164567057
248,1.7272055935804227
249,1.5130683146257167
250,1.322968267572074
251,1.154560489439916
252,1.005681157208121
253,0.8743398621418567
254,0.7587113404342514
