0.0,1.5841480627090654
1.0,1.5856335606375715
2.0,1.5873220852808063
3.0,1.5892391596206141
4.0,1.5914131931618787
5.0,1.5938757643107988
6.0,1.596661924668992
7.0,1.5998105262336746
8.0,1.6033645724472962
9.0,1.607371593977681
10.0,1.6118840500304357
11.0,1.6169597558975983
12.0,1.6226623373286755
13.0,1.629061712170857
14.0,1.6362345995628422
15.0,1.6442650567799573
16.0,1.6532450436158075
17.0,1.6632750139464283
18.0,1.6744645338557513
19.0,1.686932925405383
20.0,1.700809934806627
21.0,1.716236423398019
22.0,1.733365079447395
23.0,1.752361148383983
24.0,1.7734031786239035
25.0,1.7966837796829112
26.0,1.8224103887747591
27.0,1.8508060415743124
28.0,1.8821101422840352
29.0,1.9165792275838696
30.0,1.9544877184715128
31.0,1.9961286534170142
32.0,2.0418143956673056
33.0,2.0918773069483425
34.0,2.146670379231037
35.0,2.2065678156589223
36.0,2.2719655511877273
37.0,2.34328170296779
38.0,2.4209569400176876
39.0,2.505454761300732
40.0,2.5972616709340626
41.0,2.6968872389427774
42.0,2.8048640357285723
43.0,2.921747428263707
44.0,3.0481152259568116
45.0,3.184567164176924
46.0,3.331724213575904
47.0,3.4902277036263225
48.0,3.6607382492007625
49.0,3.843934469567297
50.0,4.040511489872034
51.0,4.251179216029063
52.0,4.476660374946058
53.0,4.717688313183798
54.0,4.975004548481991
55.0,5.249356070082594
56.0,5.541492385443786
57.0,5.852162312759499
58.0,6.182110520675608
59.0,6.532073818716549
60.0,6.902777204195567
61.0,7.294929673765622
62.0,7.709219810261273
63.0,8.146311158067943
64.0,8.606837402914064
65.0,9.091397374692237
66.0,9.60054989465377
67.0,10.134808491060813
68.0,10.694636010094161
69.0,11.280439151473088
70.0,11.892562960815457
71.0,12.531285313220149
72.0,13.196811424856408
73.0,13.889268431463346
74.0,14.608700074563947
75.0,15.355061537848943
76.0,16.128214477554508
77.0,16.927922291713514
78.0,17.75384567387319
79.0,18.60553849721631
80.0,19.48244407497342
81.0,20.383891842549023
82.0,21.30909450588756
83.0,22.257145699260487
84.0,23.227018193855645
85.0,24.217562696287658
86.0,25.227507273424557
87.0,26.255457436745388
88.0,27.299896915816834
89.0,28.35918914641995
90.0,29.431579494391734
91.0,30.51519823139817
92.0,31.608064273657124
93.0,32.708089689119205
94.0,33.81308497283465
95.0,34.92076508423243
96.0,36.0287562338646
97.0,37.134603400881495
98.0,38.23577855615905
99.0,39.32968955966087
100.0,40.41368969434761
101.0,41.48508779281009
102.0,42.54115890686592
103.0,43.579155464686814
104.0,44.596318854681
105.0,45.58989137040318
106.0,46.55712844626453
107.0,47.49531110982306
108.0,48.40175857300287
109.0,49.27384088176678
110.0,50.10899154159248
111.0,50.90472003461267
112.0,51.65862414350443
113.0,52.368401997171944
114.0,53.0318637539761
115.0,53.646942839728496
116.0,54.21170665988813
117.0,54.724366708374916
118.0,55.18328799915734
119.0,55.58699775134564
120.0,55.9341932641509
121.0,56.22374892540929
122.0,56.454722308154295
123.0,56.626359328236596
124.0,56.73809847217496
125.0,56.78957417991228
126.0,56.7458643798203
127.0,56.487233204365005
128.0,56.00661616821904
129.0,55.309893800233
130.0,54.40555070486394
131.0,53.30454099200099
132.0,52.02013728734521
133.0,50.56778833703529
134.0,48.96501790289162
135.0,47.23140275534703
136.0,45.38866528575008
137.0,43.460899748004906
138.0,41.47491300230285
139.0,39.4605962347627
140.0,37.451156726938166
141.0,35.48294507109267
142.0,33.59454651408166
143.0,31.824811766433143
144.0,30.209629317347336
145.0,28.777513016873087
146.0,27.544473681913068
147.0,26.50907711186039
148.0,25.648921783686223
149.0,24.919836070449847
150.0,24.25877722642307
151.0,23.59070057992604
152.0,22.838692193587917
153.0,21.935687688568002
154.0,20.835453619802955
155.0,19.675276029221926
156.0,18.607755785248056
157.0,17.629796979285473
158.0,16.737594157037346
159.0,15.926776433761045
160.0,15.192545045815534
161.0,14.529801991843152
162.0,13.93326794717673
163.0,13.397588153541488
164.0,12.917425476600116
165.0,12.48754027332371
166.0,12.102857109810458
167.0,11.758518711524609
168.0,11.449927808568308
169.0,11.172777757885001
170.0,10.923072983979983
171.0,10.69714038355576
172.0,10.491632892634875
173.0,10.303526423582907
174.0,10.130111350885272
175.0,9.96897966575734
176.0,9.81800883777537
177.0,9.675343323440888
178.0,9.539374553096726
179.0,9.40872011433911
180.0,9.282202736645932
181.0,9.158829572144084
182.0,9.037772164201678
183.0,8.918347400985537
184.0,8.799999666668194
185.0,8.682284329355367
186.0,8.564852642240934
187.0,8.44743808274518
188.0,8.329844112873781
189.0,8.211933311922195
190.0,8.093617808953061
191.0,7.974850926115199
192.0,7.855619933747956
193.0,7.7359398132436
194.0,7.615847922803324
195.0,7.4953994635865335
196.0,7.3746636484887
197.0,7.253720482172782
198.0,7.132658068418109
199.0,7.011570368843762
200.0,6.890555345217766
201.0,6.769713425577799
202.0,6.649146242043709
203.0,6.528955595345187
204.0,6.409242607625524
205.0,6.290107030965801
206.0,6.171646684290592
207.0,6.053956995880261
208.0,5.937130632659241
209.0,5.8212572008000585
210.0,5.706423005032241
211.0,5.592710856430101
212.0,5.480199920430331
213.0,5.368965598454061
214.0,5.259079437829695
215.0,5.150609065779243
216.0,5.043618144083973
217.0,4.938166341721757
218.0,4.834309323300578
219.0,4.732098751527467
220.0,4.631582302272908
221.0,4.532803691036421
222.0,4.435802709805832
223.0,4.340615273443329
224.0,4.247273474836503
225.0,4.155805648130473
226.0,4.066236439414569
227.0,3.978586884279294
228.0,3.892874491690332
229.0,3.8091133336494485
230.0,3.7273141401298098
231.0,3.647484398787072
232.0,3.5696284589592544
233.0,3.4937476394786966
234.0,3.4198403398291903
235.0,3.347902154191101
236.0,3.2779259879273956
237.0,3.209902176074163
238.0,3.143818603410608
239.0,3.0796608256957407
240.0,3.017412191671987
241.0,2.9570539654499024
242.0,2.898565448902785
243.0,2.8419241037154688
244.0,2.787105672747624
245.0,2.73408430038862
246.0,2.6828326515981917
247.0,2.633322029344785
248.0,2.5855224901714067
249.0,2.5394029576370487
250.0,2.494931333400098
251.0,2.452074605728604
252.0,2.410798955240751
253.0,2.3710698576971927
254.0,2.3328521836851586
