0.0,0.000000
1.0,0.000000
2.0,0.000000
3.0,0.000000
4.0,0.000000
5.0,0.000000
6.0,0.000000
7.0,0.000000
8.0,0.000000
9.0,0.000000
10.0,0.000000
11.0,0.000000
12.0,0.000000
13.0,0.000000
14.0,0.000000
15.0,0.000000
16.0,0.000000
17.0,0.000000
18.0,0.000000
19.0,0.000000
20.0,0.000000
21.0,0.000000
22.0,0.000000
23.0,0.000000
24.0,0.000000
25.0,0.000000
26.0,0.000000
27.0,0.000000
28.0,0.000000
29.0,0.000000
30.0,0.000000
31.0,0.000000
32.0,0.000000
33.0,0.000000
34.0,0.000000
35.0,0.000000
36.0,0.000000
37.0,0.000000
38.0,0.000000
39.0,0.000000
40.0,0.000000
41.0,0.000000
42.0,0.000000
43.0,0.000000
44.0,0.000000
45.0,0.000000
46.0,0.000000
47.0,0.000000
48.0,0.000000
49.0,0.000000
50.0,0.000000
51.0,0.000000
52.0,0.000000
53.0,0.000000
54.0,0.000000
55.0,0.000000
56.0,0.000000
57.0,0.000000
58.0,0.000000
59.0,0.000000
60.0,0.000000
61.0,0.000000
62.0,0.000000
63.0,0.000000
64.0,0.000000
65.0,0.000000
66.0,0.000000
67.0,0.000000
68.0,0.000000
69.0,0.000000
70.0,0.000000
71.0,0.000000
72.0,0.000000
73.0,0.000000
74.0,0.000000
75.0,0.000000
76.0,0.000000
77.0,0.000000
78.0,0.000000
79.0,0.000000
80.0,0.000000
81.0,0.000000
82.0,0.000000
83.0,0.000000
84.0,0.000000
85.0,0.000000
86.0,0.000000
87.0,0.000000
88.0,0.000000
89.0,0.000000
90.0,0.000000
91.0,0.000000
92.0,0.000000
93.0,0.000000
94.0,0.000000
95.0,0.000000
96.0,0.000000
97.0,0.000000
98.0,0.000000
99.0,0.000000
100.0,0.000000
101.0,0.000000
102.0,0.000000
103.0,0.000000
104.0,0.000000
105.0,0.000000
106.0,0.000000
107.0,0.000000
108.0,0.000000
109.0,0.000000
110.0,0.000000
111.0,0.000000
112.0,0.000000
113.0,0.000000
114.0,0.000000
115.0,0.000000
116.0,0.000000
117.0,0.000000
118.0,0.000000
119.0,0.000000
120.0,0.000000
121.0,0.000000
122.0,0.000000
123.0,0.000000
124.0,0.000001
125.0,0.000003
126.0,0.000009
127.0,0.000023
128.0,0.000058
129.0,0.000143
130.0,0.000339
131.0,0.000779
132.0,0.001726
133.0,0.003691
134.0,0.007618
135.0,0.015178
136.0,0.029192
137.0,0.054193
138.0,0.097112
139.0,0.167976
140.0,0.280458
141.0,0.451998
142.0,0.703157
143.0,1.055879
144.0,1.530463
145.0,2.141305
146.0,2.891885
147.0,3.769903
148.0,4.743797
149.0,5.761942
150.0,6.755515
151.0,7.645306
152.0,8.351760
153.0,8.806594
154.0,8.963646
155.0,8.961433
156.0,8.954798
157.0,8.943749
158.0,8.928304
159.0,8.908486
160.0,8.884323
161.0,8.855851
162.0,8.823112
163.0,8.786154
164.0,8.745032
165.0,8.699805
166.0,8.650539
167.0,8.597305
168.0,8.540180
169.0,8.479247
170.0,8.414592
171.0,8.346307
172.0,8.274489
173.0,8.199239
174.0,8.120663
175.0,8.038868
176.0,7.953969
177.0,7.866081
178.0,7.775323
179.0,7.681818
180.0,7.585690
181.0,7.487068
182.0,7.386079
183.0,7.282855
184.0,7.177528
185.0,7.070232
186.0,6.961102
187.0,6.850272
188.0,6.737879
189.0,6.624058
190.0,6.508944
191.0,6.392673
192.0,6.275380
193.0,6.157197
194.0,6.038258
195.0,5.918692
196.0,5.798630
197.0,5.678199
198.0,5.557523
199.0,5.436727
200.0,5.315931
201.0,5.195252
202.0,5.074807
203.0,4.954706
204.0,4.835059
205.0,4.715972
206.0,4.597547
207.0,4.479884
208.0,4.363076
209.0,4.247216
210.0,4.132392
211.0,4.018687
212.0,3.906181
213.0,3.794950
214.0,3.685066
215.0,3.576597
216.0,3.469608
217.0,3.364157
218.0,3.260300
219.0,3.158090
220.0,3.057574
221.0,2.958796
222.0,2.861795
223.0,2.766608
224.0,2.673266
225.0,2.581798
226.0,2.492229
227.0,2.404579
228.0,2.318867
229.0,2.235106
230.0,2.153307
231.0,2.073477
232.0,1.995621
233.0,1.919740
234.0,1.845833
235.0,1.773895
236.0,1.703918
237.0,1.635895
238.0,1.569811
239.0,1.505653
240.0,1.443405
241.0,1.383046
242.0,1.324558
243.0,1.267917
244.0,1.213098
245.0,1.160077
246.0,1.108825
247.0,1.059314
248.0,1.011515
249.0,0.965395
250.0,0.920924
251.0,0.878067
252.0,0.836791
253.0,0.797062
254.0,0.758845
