0.0,0.010140476889832656
1.0,0.01162597481833907
2.0,0.013314499461573558
3.0,0.015231573801381402
4.0,0.01740560734264595
5.0,0.01986817849156614
6.0,0.022654338849759287
7.0,0.025802940414441835
8.0,0.02935698662806353
9.0,0.033364008158448234
10.0,0.03787646421120299
11.0,0.04295217007836583
12.0,0.04865475150944292
13.0,0.05505412635162436
14.0,0.062227013743609665
15.0,0.0702574709607247
16.0,0.07923745779657485
17.0,0.08926742812719572
18.0,0.10045694803651872
19.0,0.11292533958615039
20.0,0.12680234898739434
21.0,0.14222883757878632
22.0,0.15935749362816237
23.0,0.1783535625647502
24.0,0.1993955928046709
25.0,0.22267619386367857
26.0,0.2484028029555266
27.0,0.2767984557550797
28.0,0.3081025564648025
29.0,0.342571641764637
30.0,0.38048013265228026
31.0,0.4221210675977816
32.0,0.46780680984807327
33.0,0.5178697211291102
34.0,0.5726627934118045
35.0,0.6325602298396894
36.0,0.697957965368495
37.0,0.7692741171485573
38.0,0.846949354198455
39.0,0.9314471754814995
40.0,1.0232540851148302
41.0,1.1228796531235448
42.0,1.2308564499093393
43.0,1.347739842444474
44.0,1.4741076401375788
45.0,1.6105595783576914
46.0,1.757716627756671
47.0,1.9162201178070901
48.0,2.08673066338153
49.0,2.2699268837480644
50.0,2.466503904052801
51.0,2.67717163020983
52.0,2.9026527891268254
53.0,3.1436807273645653
54.0,3.400996962662758
55.0,3.675348484263361
56.0,3.9674847996245535
57.0,4.278154726940266
58.0,4.608102934856375
59.0,4.958066232897316
60.0,5.328769618376334
61.0,5.720922087946389
62.0,6.13521222444204
63.0,6.57230357224871
64.0,7.032829817094831
65.0,7.517389788873005
66.0,8.02654230883454
67.0,8.560800905241582
68.0,9.12062842427493
69.0,9.706431565653856
70.0,10.318555374996226
71.0,10.957277727400918
72.0,11.622803839037177
73.0,12.315260845644115
74.0,13.034692488744716
75.0,13.781053952029712
76.0,14.554206891735276
77.0,15.353914705894281
78.0,16.17983808805396
79.0,17.031530911397077
80.0,17.908436489154187
81.0,18.80988425672979
82.0,19.73508692006833
83.0,20.683138113441256
84.0,21.653010608036414
85.0,22.643555110468427
86.0,23.653499687605326
87.0,24.681449850926157
88.0,25.725889329997603
89.0,26.78518156060072
90.0,27.857571908572503
91.0,28.94119064557894
92.0,30.034056687837893
93.0,31.134082103299974
94.0,32.23907738701542
95.0,33.3467574984132
96.0,34.45474864804537
97.0,35.560595815062264
98.0,36.661770970339816
99.0,37.75568197384164
100.0,38.83968210852838
101.0,39.91108020699086
102.0,40.967151321046686
103.0,42.00514787886758
104.0,43.02231126886177
105.0,44.01588378458395
106.0,44.9831208604453
107.0,45.921303524003825
108.0,46.82775098718364
109.0,47.69983329594755
110.0,48.534983955773235
111.0,49.330712448793385
112.0,50.084616557684946
113.0,50.7943944113516
114.0,51.45785616815219
115.0,52.07293525389037
116.0,52.6376990739952
117.0,53.15035912227822
118.0,53.60928041232979
119.0,54.01299016198937
120.0,54.36018566635528
121.0,54.64974130044665
122.0,54.8807145988433
123.0,55.05235136635127
124.0,55.1640897809107
125.0,55.21556345750912
126.0,55.171848203401694
127.0,54.91320290751678
128.0,54.43255062659379
129.0,53.73574345528762
130.0,52.83120368327668
131.0,51.72975436911875
132.0,50.444403842063096
133.0,48.9900901295342
134.0,47.38339232665512
135.0,45.64221669564453
136.0,43.78546578492641
137.0,41.832699079418354
138.0,39.803793635345826
139.0,37.718612826850794
140.0,35.59669075966973
141.0,33.45693912018581
142.0,31.317382264316006
143.0,29.194925253248854
144.0,27.10515835830191
145.0,25.062200332268795
146.0,23.078581525482196
147.0,21.165166754185513
148.0,19.33111674464515
149.0,17.583886010615604
150.0,15.929254199138313
151.0,14.37138727751531
152.0,12.912924442273873
153.0,11.555086311213605
154.0,10.297799807507785
155.0,9.139835149578266
156.0,8.078950506327011
157.0,7.112040144691697
158.0,6.23528226318178
159.0,5.444283147426144
160.0,4.7342147779531
161.0,4.099943543338148
162.0,3.536148242062685
163.0,3.037426074852446
164.0,2.5983858196920306
165.0,2.213727831096058
166.0,1.878310903808693
167.0,1.5872063824076281
168.0,1.3357401788846899
169.0,1.1195235795196083
170.0,0.9344738820113747
171.0,0.776826007607045
172.0,0.6431362861093951
173.0,0.5302796204541176
174.0,0.4354412089605745
175.0,0.3561039445616779
176.0,0.2900325284051454
177.0,0.2352552369258213
178.0,0.19004417297968346
179.0,0.15289471834537413
180.0,0.12250479146711066
181.0,0.09775440451125456
182.0,0.0776859105709937
183.0,0.06148523731048863
184.0,0.04846431888957017
185.0,0.03804486440571371
186.0,0.029743538538284174
187.0,0.023158578343965477
188.0,0.017957828652130543
189.0,0.013868146417073757
190.0,0.010666100710625527
191.0,0.008169878705815647
192.0,0.006232297905996955
193.0,0.004734819933557866
194.0,0.0035824603880824806
195.0,0.002699491682529735
196.0,0.002025840538082868
197.0,0.0015140882458016354
198.0,0.0011269892812844089
199.0,0.000835431891903346
200.0,0.0006167724715589282
201.0,0.0004534835941792188
202.0,0.00033206327398515846
203.0,0.00024216020630933873
204.0,0.00017587632299093488
205.0,0.00012721392246725058
206.0,9.163989375998674e-05
207.0,6.574415946699567e-05
208.0,4.6973448503313304e-05
209.0,3.3424920180953804e-05
210.0,2.3687050177658624e-05
211.0,1.6717612260607237e-05
212.0,1.1750603803642194e-05
213.0,8.225622708342767e-06
214.0,5.734559385840315e-06
215.0,3.98156665504597e-06
216.0,2.753154563731601e-06
217.0,1.8959630255545963e-06
218.0,1.300324665310159e-06
219.0,8.881706231778571e-07
220.0,6.041762863381092e-07
221.0,4.0931118570927073e-07
222.0,2.761634618024956e-07
223.0,1.8556731755381399e-07
224.0,1.2418222263935307e-07
225.0,8.276372603105912e-08
226.0,5.49342635999722e-08
227.0,3.63135950967642e-08
228.0,2.390660211192396e-08
229.0,1.567433509278683e-08
230.0,1.0234887366018176e-08
231.0,6.6557909860871676e-09
232.0,4.31061216029455e-09
233.0,2.7803590997270898e-09
234.0,1.7860166353648905e-09
235.0,1.142596199347453e-09
236.0,7.279854805375671e-10
237.0,4.619291049671409e-10
238.0,2.919110958043529e-10
239.0,1.8371666222673459e-10
240.0,1.1515138259744403e-10
241.0,7.188072255634144e-11
242.0,4.468670966967789e-11
243.0,2.766731339291595e-11
244.0,1.7059970175996107e-11
245.0,1.0476403397324388e-11
246.0,6.407208028074232e-12
247.0,3.902546656011672e-12
248.0,2.3672822944266837e-12
249.0,1.4301271874965766e-12
250.0,8.604426771838234e-13
251.0,5.155750467182741e-13
252.0,3.076695410576314e-13
253.0,1.828520293242004e-13
254.0,1.082275263751532e-13
