0,0.0
1,0.0
2,0.0
3,0.0
4,0.0
5,0.0
6,0.0
7,0.0
8,0.0
9,0.0
10,0.0
11,0.0
12,0.0
13,0.0
14,0.0
15,0.0
16,0.0
17,0.0
18,0.0
19,0.0
20,0.0
21,0.0
22,0.0
23,0.0
24,0.0
25,0.0
26,0.0
27,0.0
28,0.0
29,0.0
30,0.0
31,0.0
32,0.0
33,0.0
34,0.0
35,0.0
36,0.0
37,0.0
38,0.0
39,0.0
40,0.0
41,0.0
42,0.0
43,0.0
44,0.0
45,0.0
46,0.0
47,0.0
48,0.0
49,0.0
50,0.0
51,0.0
52,0.0
53,0.0
54,0.0
55,0.0
56,0.0
57,0.0
58,0.0
59,0.0
60,0.0
61,0.0
62,0.0
63,0.0
64,0.0
65,0.0
66,0.0
67,0.0
68,0.0
69,0.0
70,0.0
71,0.0
72,0.0
73,0.0
74,0.0
75,0.0
76,0.0
77,0.0
78,0.0
79,0.0
80,0.0
81,0.0
82,0.0
83,0.0
84,0.0
85,0.0
86,0.0
87,0.0
88,0.0
89,0.0
90,0.0
91,0.0
92,0.0
93,0.0
94,0.0
95,0.0
96,0.0
97,0.0
98,0.0
99,0.0
100,0.0
101,0.0
102,0.0
103,0.0
104,0.0
105,0.0
106,0.0
107,0.0
108,0.0
109,0.0
110,0.0
111,0.0
112,3.0
113,0.0
114,5.0
115,0.0
116,2.0
117,2.0
118,7.0
119,6.0
120,8.0
121,10.0
122,18.0
123,22.0
124,19.0
125,29.0
126,25.0
127,42.0
128,43.0
129,36.0
130,41.0
131,30.0
132,46.0
133,58.0
134,59.0
135,57.0
136,53.0
137,70.0
138,70.0
139,53.0
140,71.0
141,59.0
142,49.0
143,61.0
144,55.0
145,53.0
146,59.0
147,46.0
148,48.0
149,56.0
150,69.0
151,83.0
152,54.0
153,68.0
154,65.0
155,53.0
156,79.0
157,88.0
158,75.0
159,127.0
160,124.0
161,132.0
162,185.0
163,181.0
164,171.0
165,160.0
166,223.0
167,306.0
168,291.0
169,390.0
170,516.0
171,443.0
172,423.0
173,451.0
174,637.0
175,809.0
176,841.0
177,1044.0
178,1357.0
179,1448.0
180,1530.0
181,1498.0
182,1510.0
183,2007.0
184,3017.0
185,3700.0
186,3373.0
187,2947.0
188,2863.0
189,3181.0
190,3914.0
191,4545.0
192,6418.0
193,9119.0
194,11906.0
195,14372.0
196,15820.0
197,21194.0
198,22621.0
199,17209.0
200,13589.0
201,14521.0
202,13857.0
203,9083.0
204,4929.0
205,2430.0
206,1175.0
207,707.0
208,407.0
209,285.0
210,218.0
211,143.0
212,85.0
213,52.0
214,28.0
215,19.0
216,11.0
217,4.0
218,4.0
219,2.0
220,0.0
221,3.0
222,0.0
223,0.0
224,0.0
225,0.0
226,0.0
227,0.0
228,0.0
229,0.0
230,0.0
231,0.0
232,0.0
233,0.0
234,0.0
235,0.0
236,0.0
237,0.0
238,0.0
239,0.0
240,0.0
241,0.0
242,0.0
243,0.0
244,0.0
245,0.0
246,0.0
247,0.0
248,0.0
249,0.0
250,0.0
251,0.0
252,0.0
253,0.0
254,0.0
255,0.0
