0.0,1.9999999999979037
1.0,1.9999999999979496
2.0,1.9999999999980167
3.0,1.9999999999981144
4.0,1.9999999999982574
5.0,1.9999999999984652
6.0,1.9999999999987668
7.0,1.9999999999992033
8.0,1.9999999999998344
9.0,2.0000000000007443
10.0,2.000000000002053
11.0,2.000000000003932
12.0,2.000000000006623
13.0,2.00000000001047
14.0,2.000000000015956
15.0,2.000000000023762
16.0,2.0000000000348455
17.0,2.000000000050548
18.0,2.0000000000727454
19.0,2.0000000001040554
20.0,2.0000000001481215
21.0,2.0000000002100045
22.0,2.0000000002967173
23.0,2.0000000004179563
24.0,2.000000000587094
25.0,2.0000000008225367
26.0,2.0000000011495542
27.0,2.0000000016027673
28.0,2.0000000022294895
29.0,2.000000003094241
30.0,2.000000004284796
31.0,2.000000005920294
32.0,2.0000000081620715
33.0,2.000000011228103
34.0,2.000000015412204
35.0,2.0000000211095
36.0,2.0000000288501294
37.0,2.0000000393437256
38.0,2.000000053537983
39.0,2.0000000726955776
40.0,2.0000000984949384
41.0,2.00000013316194
42.0,2.000000179641571
43.0,2.0000002418211524
44.0,2.0000003248198563
45.0,2.0000004353632788
46.0,2.0000005822668125
47.0,2.0000007770578527
48.0,2.0000010347746784
49.0,2.000001374989553
50.0,2.000001823115626
51.0,2.000002412072102
52.0,2.0000031844004207
53.0,2.0000041949467073
54.0,2.0000055142532744
55.0,2.00000723283555
56.0,2.000009466561756
57.0,2.0000123634023272
58.0,2.000016111876288
59.0,2.0000209515945824
60.0,2.0000271863882944
61.0,2.0000352006157254
62.0,2.000045479370317
63.0,2.0000586334660104
64.0,2.0000754302639474
65.0,2.000096831632262
66.0,2.0001240406095935
67.0,2.0001585586871355
68.0,2.000202256053134
69.0,2.0002574576853034
70.0,2.000327048869267
71.0,2.0004146046195714
72.0,2.000524548661535
73.0,2.0006623492064532
74.0,2.0008347608731367
75.0,2.001050124989656
76.0,2.0013187444470484
77.0,2.001653354677387
78.0,2.0020697197416175
79.0,2.0025873926722646
80.0,2.0032306930908566
81.0,2.0040299739668046
82.0,2.005023274809359
83.0,2.006258492600677
84.0,2.0077962468603285
85.0,2.00971367435043
86.0,2.012109465558022
87.0,2.015110553155884
88.0,2.018880986412473
89.0,2.0236336793852523
90.0,2.0296459088512258
91.0,2.037279663726909
92.0,2.047008213187932
93.0,2.059450565436954
94.0,2.075415829211476
95.0,2.0959598569529443
96.0,2.122456927013822
97.0,2.1566895893797478
98.0,2.2009601227216065
99.0,2.2582272870804396
100.0,2.332272151617407
101.0,2.427896664763289
102.0,2.5511582387579783
103.0,2.709642858507569
104.0,2.912778009486865
105.0,3.1721849682722056
106.0,3.502067641719132
107.0,3.919632129401367
108.0,4.44552750682917
109.0,5.10429402125626
110.0,5.924800056996087
111.0,6.940644036796456
112.0,8.190492136689528
113.0,9.718317647282559
114.0,11.573503441497357
115.0,13.810765805330846
116.0,16.489856401194068
117.0,19.674999925402382
118.0,23.43402862712306
119.0,27.8371817297757
120.0,32.95554825284184
121.0,38.85914588858235
122.0,45.614646305471794
123.0,53.282778088614535
124.0,61.915461718168245
125.0,71.55275542719906
126.0,82.21971505850426
127.0,93.92329349177753
128.0,106.64942401246961
129.0,120.36044527572835
130.0,134.99303152166914
131.0,150.45678892534482
132.0,166.63366634527736
133.0,183.37830577040395
134.0,200.519424649353
135.0,217.86227997362903
136.0,235.19221421102108
137.0,252.2792284079029
138.0,268.883471067473
139.0,284.7614762579876
140.0,299.6729344903591
141.0,313.38773882145034
142.0,325.6930196076523
143.0,336.3998669229835
144.0,345.3494415493105
145.0,352.41819426128325
146.0,357.5219483230726
147.0,360.6186499834698
148.0,361.7096535281366
149.0,360.8394774689817
150.0,358.0940424484891
151.0,353.59747483812566
152.0,347.5076282849954
153.0,340.01053446396696
154.0,331.31404056841626
155.0,321.6409221026641
156.0,311.221773905159
157.0,300.2879797870971
158.0,289.0650426155405
159.0,277.76652403047086
160.0,266.5887990231013
161.0,255.70677866388965
162.0,245.27069800168363
163.0,235.4040092255526
164.0,226.20236600347639
165.0,217.73363642721452
166.0,210.03884149648786
167.0,203.13388511766925
168.0,197.01192094136596
169.0,191.64619103776087
170.0,186.99317076063485
171.0,182.99586199323232
172.0,179.58709172657424
173.0,176.69269279297527
174.0,174.23446669563046
175.0,172.1328530423568
176.0,170.30925449694953
177.0,168.68798906247244
178.0,167.19786188176803
179.0,165.77336589051043
180.0,164.35553421958247
181.0,162.89247713900264
182.0,161.3396427290739
183.0,159.65984370383507
184.0,157.82309336916455
185.0,155.80629211167715
186.0,153.59280263990092
187.0,151.17194796655932
188.0,148.5384613056289
189.0,145.6919120611972
190.0,142.63612722378969
191.0,139.37862299501683
192.0,135.93005748401052
193.0,132.30371193954045
194.0,128.51500522218188
195.0,124.58104405913848
196.0,120.52021000668907
197.0,116.35178289881442
198.0,112.09559980340443
199.0,107.77174805660286
200.0,103.40029072333346
201.0,99.0010227687592
202.0,94.59325626329527
203.0,90.19563303656838
204.0,85.8259633086299
205.0,81.50108893550117
206.0,77.23676999545762
207.0,73.04759350439028
208.0,68.94690308080362
209.0,64.94674838529114
210.0,61.05785314014083
211.0,57.28960049807743
212.0,53.650034481692884
213.0,50.145876163444136
214.0,46.78255320626572
215.0,43.564241342061806
216.0,40.49391633380206
217.0,37.57341494975775
218.0,34.80350347762744
219.0,32.18395232296667
220.0,29.713615270623663
221.0,27.3905120392009
222.0,25.21191282569718
223.0,23.174423618734522
224.0,21.274071152082495
225.0,19.506386473260797
226.0,17.866486212410084
227.0,16.34915075191082
228.0,14.948898614996375
229.0,13.660056509557611
230.0,12.476824579353002
231.0,11.393336527016222
232.0,10.403714379929047
233.0,9.50211776980251
234.0,8.682787688556328
235.0,7.940084765950683
236.0,7.2685221878171085
237.0,6.662793437320033
238.0,6.117795095355547
239.0,5.6286449800686
240.0,5.1906959398402055
241.0,4.799545639416873
242.0,4.451042695711947
243.0,4.141289528891077
244.0,3.8666422964263707
245.0,3.6237082736795796
246.0,3.409341035093359
247.0,3.2206337760741817
248.0,3.054911097968492
249.0,2.909719557961061
250.0,2.7828172630115797
251.0,2.6721627627871367
252.0,2.5759034715748688
253.0,2.4923638239325
254.0,2.420033343844074
