0.0,2.652422912228593e-24
1.0,6.408222675690942e-19
2.0,3.856589760414725e-14
3.0,5.781497192699721e-10
4.0,2.1589780164845116e-06
5.0,0.0020082933359302706
6.0,0.465347194464384
7.0,26.85950956788952
8.0,386.18027102841273
9.0,1383.0985094691705
10.0,1558.6884771098917
11.0,1540.4703803595626
12.0,1506.013483599788
13.0,1456.4173655943976
14.0,1393.234812283173
15.0,1318.3911129408486
16.0,1234.0867705797107
17.0,1142.690474277432
18.0,1046.6295634883784
19.0,948.2849741667003
20.0,849.8968524534085
21.0,753.4857669799337
22.0,660.7928966836774
23.0,573.2408865609999
24.0,491.9154156225785
25.0,417.56605527912
26.0,350.6238235824122
27.0,291.2320294202051
28.0,239.2865742430089
29.0,194.48181916739344
30.0,156.3583809410432
31.0,124.34971715814378
32.0,97.82501412372136
33.0,76.12661466813931
34.0,58.600941787910934
35.0,44.62252634757299
36.0,33.6112910112606
37.0,25.043655093216348
38.0,18.458300599013327
39.0,13.457586971228354
40.0,9.705639508467078
41.0,6.924088311110794
42.0,4.886326925499172
43.0,3.4110173101566112
44.0,2.3554115840243672
45.0,1.608907848804101
46.0,1.087118820729627
47.0,0.7266149667933169
48.0,0.48041122283984017
49.0,0.31419800994548686
50.0,0.20327089347555818
51.0,0.13008536585235927
52.0,0.08234991775671298
53.0,0.051567891846679766
54.0,0.031943100315030545
55.0,0.01957294761949858
56.0,0.011863610585343264
57.0,0.00711310160523595
58.0,0.004218738654758037
59.0,0.002475071290832649
60.0,0.0014363963192180146
61.0,0.0008245981098036534
62.0,0.00046826518191518375
63.0,0.0002630406561136965
64.0,0.000146162301187332
65.0,8.033954082938951e-05
66.0,4.368222977887081e-05
67.0,2.3494257981617174e-05
68.0,1.2499716065326656e-05
69.0,6.578396454776284e-06
70.0,3.4246912084181788e-06
71.0,1.7636169942706975e-06
72.0,8.983976592077987e-07
73.0,4.5270410107380635e-07
74.0,2.2565331937970092e-07
75.0,1.1126293307839695e-07
76.0,5.4267618473318984e-08
77.0,2.618258379215588e-08
78.0,1.2495847649115966e-08
79.0,5.899299177719935e-09
80.0,2.754968274901113e-09
81.0,1.2726654759434416e-09
82.0,5.815584956086116e-10
83.0,2.6287786949088016e-10
84.0,1.1754282621173679e-10
85.0,5.198998732909655e-11
86.0,2.2747033904390845e-11
87.0,9.84490021804826e-12
88.0,4.214823016970388e-12
89.0,1.784961477869357e-12
90.0,7.477558735929011e-13
91.0,3.0986483904964545e-13
92.0,1.2701828512544393e-13
93.0,5.1504084482955563e-14
94.0,2.065849021996642e-14
95.0,8.196660863477601e-15
96.0,3.2170427689760595e-15
97.0,1.2489877626959878e-15
98.0,4.796682937152547e-16
99.0,1.822238935571586e-16
100.0,6.847800698720084e-17
101.0,2.545530953990171e-17
102.0,9.360243214175815e-18
103.0,3.404688352137084e-18
104.0,1.2250366359717749e-18
105.0,4.360158423382588e-19
106.0,1.5351009563840038e-19
107.0,5.3462971776585004e-20
108.0,1.8418350339489713e-20
109.0,6.276677919072382e-21
110.0,2.1158771021914532e-21
111.0,7.055576645378989e-22
112.0,2.3273198291468855e-22
113.0,7.593834118053168e-23
114.0,2.4510243328838222e-23
115.0,7.825563503003206e-24
116.0,2.4715255116704327e-24
117.0,7.721400082229998e-25
118.0,2.3862090832573545e-25
119.0,7.294615643684325e-26
120.0,2.2058593285960533e-26
121.0,6.598340048915033e-27
122.0,1.952419128574895e-27
123.0,5.714692874308022e-28
124.0,1.6546045586264558e-28
125.0,4.7388942625245555e-29
126.0,1.3425834860803827e-29
127.0,3.7625914473440826e-30
128.0,1.0430720479506719e-30
129.0,2.8603753802473576e-31
130.0,7.759133706089707e-32
131.0,2.082020112943214e-32
132.0,5.526346174483148e-33
133.0,1.4510177723672808e-33
134.0,3.7686764872670847e-34
135.0,9.682476796606083e-35
136.0,2.460738998716743e-35
137.0,6.186230814295112e-36
138.0,1.538396092551854e-36
139.0,3.784353494531244e-37
140.0,9.208665675987175e-38
141.0,2.216578904606052e-38
142.0,5.277778575607785e-39
143.0,1.2430844003300873e-39
144.0,2.8962199953154152e-40
145.0,6.674887634097329e-41
146.0,1.521730871166587e-41
147.0,3.431730888241631e-42
148.0,7.655438584518664e-43
149.0,1.6893063331572712e-43
150.0,3.687467694438308e-44
151.0,7.962134665491293e-45
152.0,1.700639623505467e-45
153.0,3.593159938872856e-46
154.0,7.509694757856689e-47
155.0,1.552563962284044e-47
156.0,3.175105776185286e-48
157.0,6.4231546018322195e-49
158.0,1.2853459491117878e-49
159.0,2.5443284343230677e-50
160.0,4.982046654709193e-51
161.0,9.649923921170264e-52
162.0,1.8489342570998717e-52
163.0,3.504293953803033e-53
164.0,6.569934956689593e-54
165.0,1.2184370350682182e-54
166.0,2.235252517961777e-55
167.0,4.0563140788201706e-56
168.0,7.281452779857463e-57
169.0,1.2929626529485574e-57
170.0,2.2710955381453695e-58
171.0,3.9460838389322568e-59
172.0,6.782326496481699e-60
173.0,1.1531148299960408e-60
174.0,1.939312974504374e-61
175.0,3.226299857391583e-62
176.0,5.309370535378955e-63
177.0,8.642966351902223e-64
178.0,1.3917591640739388e-64
179.0,2.2169037471492134e-65
180.0,3.493100378381746e-66
181.0,5.444484610870938e-67
182.0,8.394289904070488e-68
183.0,1.280243659484852e-68
184.0,1.9314469489158625e-69
185.0,2.8824010982522708e-70
186.0,4.255078002190393e-71
187.0,6.213583193401321e-72
188.0,8.975490459363134e-73
189.0,1.2824951819760184e-73
190.0,1.8127369001607457e-74
191.0,2.534517469182922e-75
192.0,3.505397584128681e-76
193.0,4.7957966232337455e-77
194.0,6.490314062846089e-78
195.0,8.688646898147113e-79
196.0,1.1505885929546424e-79
197.0,1.5071950549056757e-80
198.0,1.9529914296713084e-81
199.0,2.5032988214133282e-82
200.0,3.1739971524230094e-83
201.0,3.980905343046021e-84
202.0,4.938995722307222e-85
203.0,6.061455614435747e-86
204.0,7.358625297874961e-87
205.0,8.836859080521661e-88
206.0,1.049737350963103e-88
207.0,1.2335161827549867e-89
208.0,1.4338064613991256e-90
209.0,1.6486091100819292e-91
210.0,1.8751082217831558e-92
211.0,2.1096793951971998e-93
212.0,2.3479457861507212e-94
213.0,2.584884539523437e-95
214.0,2.8149825925841642e-96
215.0,3.0324368020947767e-97
216.0,3.231389312165745e-98
217.0,3.4061854561372965e-99
218.0,3.551638676911313e-100
219.0,3.663285304325165e-101
220.0,3.737611791430869e-102
221.0,3.772238290937269e-103
222.0,3.7660451954645994e-104
223.0,3.719233255945986e-105
224.0,3.6333127750259023e-106
225.0,3.5110226869526715e-107
226.0,3.3561855720300392e-108
227.0,3.1735093111613357e-109
228.0,2.968349730841502e-110
229.0,2.746450904285948e-111
230.0,2.513680593267015e-112
231.0,2.2757776340597225e-113
232.0,2.0381260418272084e-114
233.0,1.8055675122457678e-115
234.0,1.5822602072129305e-116
235.0,1.371587633095876e-117
236.0,1.176117455810865e-118
237.0,9.976065946615415e-120
238.0,8.370461582064987e-121
239.0,6.947378879269181e-122
240.0,5.703928081753582e-123
241.0,4.632426939713538e-124
242.0,3.721556326986244e-125
243.0,2.957481897598898e-126
244.0,2.3248828508478796e-127
245.0,1.807846419433531e-128
246.0,1.3906039969866586e-129
247.0,1.058100436930236e-130
248.0,7.964009961742233e-132
249.0,5.929501399963105e-133
250.0,4.367028616109197e-134
251.0,3.1815252919201133e-135
252.0,2.2928001572733333e-136
253.0,1.6344758424908583e-137
254.0,1.152583212755092e-138
