0.0,1.2524254115736102
1.0,1.255548644091371
2.0,1.2614713777471809
3.0,1.2724501988847965
4.0,1.2923440879098615
5.0,1.3295741024609486
6.0,1.8538680888560104
7.0,28.3511038651546
8.0,387.8421586799064
9.0,1385.0352545600897
10.0,1561.0585464832934
11.0,1543.5076292687017
12.0,1510.0537644376438
13.0,1461.929738782859
14.0,1400.8557876209386
15.0,1328.958994909657
16.0,1248.6716414863981
17.0,1162.6138510082264
18.0,1073.4666371163453
19.0,983.8419859446757
20.0,896.1569733823085
21.0,812.5191287347277
22.0,734.6302524481708
23.0,663.7155320744679
24.0,600.4838831390316
25.0,545.1237858770479
26.0,497.3364025317208
27.0,456.4045202412221
28.0,421.2921643102377
29.0,390.7660648422146
30.0,363.5271660841444
31.0,338.33867163748585
32.0,314.13719122075656
33.0,291.4667542232946
34.0,271.0512497644426
35.0,252.34287113694506
36.0,234.88711671619646
37.0,218.32835549738078
38.0,202.4083236355409
39.0,186.95897847662863
40.0,171.89123800774144
41.0,157.18111171117442
42.0,142.85460909064344
43.0,128.97262229862787
44.0,115.61674641870414
45.0,102.8767496504485
46.0,90.84015676693292
47.0,79.58417920052867
48.0,69.17002576419658
49.0,59.63946666004836
50.0,51.01340333512347
51.0,43.29211772202765
52.0,36.45683348590023
53.0,30.47221409486851
54.0,25.289441546698317
55.0,20.84955851625158
56.0,17.086808626842696
57.0,13.931768075365927
58.0,11.314121402069336
59.0,9.164990341481975
60.0,7.418774187035987
61.0,6.014500923881918
62.0,4.896719616163988
63.0,4.015986197767894
64.0,3.329007654951959
65.0,2.798514848109164
66.0,2.3929334194228913
67.0,2.0859169810946065
68.0,1.8557986156565467
69.0,1.685007008872137
70.0,1.5594833961120789
71.0,1.4681257822583422
72.0,1.4022781723252524
73.0,1.3552751626334214
74.0,1.3220463270994256
75.0,1.2987803726514644
76.0,1.2826459077433505
77.0,1.271563679989724
78.0,1.2640240758558274
79.0,1.258943318097031
80.0,1.2555519431224442
81.0,1.2533096165522726
82.0,1.2518410099034734
83.0,1.2508882070060645
84.0,1.2502758586653797
85.0,1.2498860078343168
86.0,1.2496401358748743
87.0,1.2494865200374345
88.0,1.2493914409616158
89.0,1.2493331419623814
90.0,1.2492977284190299
91.0,1.2492764168958104
92.0,1.2492637111290805
93.0,1.2492562064388535
94.0,1.2492518149256662
95.0,1.249249268980964
96.0,1.2492478066666175
97.0,1.2492469745331536
98.0,1.2492465053860715
99.0,1.249246243331344
100.0,1.2492460983056517
101.0,1.2492460187866807
102.0,1.249245975587832
103.0,1.249245952336285
104.0,1.2492459399365523
105.0,1.2492459333848216
106.0,1.2492459299548917
107.0,1.249245928175784
108.0,1.2492459272614407
109.0,1.249245926795846
110.0,1.2492459265609361
111.0,1.2492459264435034
112.0,1.2492459263853366
113.0,1.2492459263567894
114.0,1.2492459263429074
115.0,1.249245926336219
116.0,1.2492459263330256
117.0,1.2492459263315152
118.0,1.249245926330807
119.0,1.2492459263304783
120.0,1.2492459263303268
121.0,1.249245926330258
122.0,1.249245926330227
123.0,1.2492459263302127
124.0,1.2492459263302065
125.0,1.2492459263302038
126.0,1.2492459263302027
127.0,1.249245926330202
128.0,1.249245926330202
129.0,1.249245926330202
130.0,1.2492459263302018
131.0,1.2492459263302018
132.0,1.2492459263302018
133.0,1.2492459263302018
134.0,1.2492459263302018
135.0,1.2492459263302018
136.0,1.2492459263302018
137.0,1.2492459263302018
138.0,1.2492459263302018
139.0,1.2492459263302018
140.0,1.2492459263302018
141.0,1.2492459263302018
142.0,1.2492459263302018
143.0,1.2492459263302018
144.0,1.2492459263302018
145.0,1.2492459263302018
146.0,1.2492459263302018
147.0,1.2492459263302018
148.0,1.2492459263302018
149.0,1.2492459263302018
150.0,1.2492459263302018
151.0,1.2492459263302018
152.0,1.2492459263302018
153.0,1.2492459263302018
154.0,1.2492459263302018
155.0,1.2492459263302018
156.0,1.2492459263302018
157.0,1.2492459263302018
158.0,1.2492459263302018
159.0,1.2492459263302018
160.0,1.2492459263302018
161.0,1.2492459263302018
162.0,1.2492459263302018
163.0,1.2492459263302018
164.0,1.2492459263302018
165.0,1.2492459263302018
166.0,1.2492459263302018
167.0,1.2492459263302018
168.0,1.2492459263302018
169.0,1.2492459263302018
170.0,1.2492459263302018
171.0,1.2492459263302018
172.0,1.2492459263302018
173.0,1.2492459263302018
174.0,1.2492459263302018
175.0,1.2492459263302018
176.0,1.2492459263302018
177.0,1.2492459263302018
178.0,1.2492459263302018
179.0,1.2492459263302018
180.0,1.2492459263302018
181.0,1.2492459263302018
182.0,1.2492459263302018
183.0,1.2492459263302018
184.0,1.2492459263302018
185.0,1.2492459263302018
186.0,1.2492459263302018
187.0,1.2492459263302018
188.0,1.2492459263302018
189.0,1.2492459263302018
190.0,1.2492459263302018
191.0,1.2492459263302018
192.0,1.2492459263302018
193.0,1.2492459263302018
194.0,1.2492459263302018
195.0,1.2492459263302018
196.0,1.2492459263302018
197.0,1.2492459263302018
198.0,1.2492459263302018
199.0,1.2492459263302018
200.0,1.2492459263302018
201.0,1.2492459263302018
202.0,1.2492459263302018
203.0,1.2492459263302018
204.0,1.2492459263302018
205.0,1.2492459263302018
206.0,1.2492459263302018
207.0,1.2492459263302018
208.0,1.2492459263302018
209.0,1.2492459263302018
210.0,1.2492459263302018
211.0,1.2492459263302018
212.0,1.2492459263302018
213.0,1.2492459263302018
214.0,1.2492459263302018
215.0,1.2492459263302018
216.0,1.2492459263302018
217.0,1.2492459263302018
218.0,1.2492459263302018
219.0,1.2492459263302018
220.0,1.2492459263302018
221.0,1.2492459263302018
222.0,1.2492459263302018
223.0,1.2492459263302018
224.0,1.2492459263302018
225.0,1.2492459263302018
226.0,1.2492459263302018
227.0,1.2492459263302018
228.0,1.2492459263302018
229.0,1.2492459263302018
230.0,1.2492459263302018
231.0,1.2492459263302018
232.0,1.2492459263302018
233.0,1.2492459263302018
234.0,1.2492459263302018
235.0,1.2492459263302018
236.0,1.2492459263302018
237.0,1.2492459263302018
238.0,1.2492459263302018
239.0,1.2492459263302018
240.0,1.2492459263302018
241.0,1.2492459263302018
242.0,1.2492459263302018
243.0,1.2492459263302018
244.0,1.2492459263302018
245.0,1.2492459263302018
246.0,1.2492459263302018
247.0,1.2492459263302018
248.0,1.2492459263302018
249.0,1.2492459263302018
250.0,1.2492459263302018
251.0,1.2492459263302018
252.0,1.2492459263302018
253.0,1.2492459263302018
254.0,1.2492459263302018
