0,9.65922360989352e-59
1,3.575942776993637e-58
2,1.3156564695678913e-57
3,4.810586802614908e-57
4,1.7480635213716127e-56
5,6.312770040356371e-56
6,2.265616157265127e-55
7,8.080836166303886e-55
8,2.8643750035817704e-54
9,1.0090369108522113e-53
10,3.532546081374085e-53
11,1.2290575620532219e-52
12,4.249719007453404e-52
13,1.4603327067599742e-51
14,4.9870877926199136e-51
15,1.6925668074624544e-50
16,5.708844723163822e-50
17,1.9136135883946204e-49
18,6.374760404729005e-49
19,2.1104598353605243e-48
20,6.943747518135434e-48
21,2.270462615576759e-47
22,7.377995643132373e-47
23,2.382681748776149e-46
24,7.647109106018788e-46
25,2.4391142287499895e-45
26,7.731621721290034e-45
27,2.4356375449469433e-44
28,7.625324449965103e-44
29,2.3725075278836877e-43
30,7.336019476701112e-43
31,2.2543272303453812e-42
32,6.884573533382629e-42
33,2.089492100597187e-41
34,6.302429974437965e-41
35,1.889204315829063e-40
36,5.627991512253604e-40
37,1.666216931252283e-39
38,4.9024509524701914e-39
39,1.4335029011352914e-38
40,4.16569529482337e-38
41,1.203039890533502e-37
42,3.452837668076511e-37
43,9.848631737241324e-37
44,2.7917674590889883e-36
45,7.864772921195894e-36
46,2.2018956804828769e-35
47,6.126478247851036e-35
48,1.6940594886576142e-34
49,4.655325184050018e-34
50,1.2713788814853548e-33
51,3.45067111431043e-33
52,9.307557936420237e-33
53,2.4950056463160065e-32
54,6.646774147800079e-32
55,1.7597619213686307e-31
56,4.630208145141871e-31
57,1.2107395183430645e-30
58,3.1463318452697144e-30
59,8.1257216010284e-30
60,2.0855612841629366e-29
61,5.31970535154427e-29
62,1.3485150726134588e-28
63,3.397251010595364e-28
64,8.505563136809e-28
65,2.1163237881627438e-27
66,5.233168988920657e-27
67,1.2860297325201914e-26
68,3.140804210005183e-26
69,7.623147518531791e-26
70,1.8387868464327404e-25
71,4.407903289904714e-25
72,1.050113716417211e-24
73,2.4862466424431312e-24
74,5.849997665470741e-24
75,1.3679517539428223e-23
76,3.17899227896899e-23
77,7.341955879309833e-23
78,1.6851465370086185e-22
79,3.8438566128745954e-22
80,8.713653580105507e-22
81,1.963075514534338e-21
82,4.395186689131873e-21
83,9.779603610223357e-21
84,2.1625630698852844e-20
85,4.75247583232165e-20
86,1.0379457536547646e-19
87,2.252853757235553e-19
88,4.859537630583106e-19
89,1.041742789277572e-18
90,2.2193697447699116e-18
91,4.698967315451793e-18
92,9.88732459097774e-18
93,2.0675630595140023e-17
94,4.2967723155293407e-17
95,8.874206346648354e-17
96,1.8214628137739343e-16
97,3.715478053693286e-16
98,7.532041360536613e-16
99,1.5174496739902183e-15
100,3.038221983753771e-15
101,6.0454455193358955e-15
102,1.1954756270477634e-14
103,2.3493988160336002e-14
104,4.588559520348292e-14
105,8.906346723182287e-14
106,1.7180129436211338e-13
107,3.293493946597191e-13
108,6.274670319627912e-13
109,1.1880331518202145e-12
110,2.2354749714387233e-12
111,4.180369482552301e-12
112,7.768964378392465e-12
113,1.4348787250917434e-11
114,2.6337276747906315e-11
115,4.804300267382929e-11
116,8.709495982138548e-11
117,1.569132104327694e-10
118,2.8095036315892816e-10
119,4.999232006841117e-10
120,8.840576594935678e-10
121,1.5536797129077509e-09
122,2.713601080161192e-09
123,4.710143261175363e-09
124,8.125046112597722e-09
125,1.392903908343074e-08
126,2.373122102370462e-08
127,4.018117348726186e-08
128,6.761277373785086e-08
129,1.1306768337041858e-07
130,1.8791084264871795e-07
131,3.103621778904649e-07
132,5.094356650133967e-07
133,8.310238848857364e-07
134,1.3472285293922322e-06
135,2.170564223829091e-06
136,3.4754225500112567e-06
137,5.530268198193812e-06
138,8.74557517230289e-06
139,1.3744665194533063e-05
140,2.1467603148998363e-05
141,3.3322421684936966e-05
142,5.140355535887871e-05
143,7.880492595558726e-05
144,0.00012006520785216164
145,0.00018179611306823437
146,0.00027356190198062346
147,0.00040910071673897115
148,0.0006080068481487096
149,0.0008980288853069611
150,0.0013181831199535353
151,0.0019229358248799278
152,0.0027877732070753403
153,0.004016554773626577
154,0.005751134871309767
155,0.008183837848238253
156,0.011573483155244148
157,0.016265774854014904
158,0.02271899071615494
159,0.03153602245797383
160,0.04350392114505614
161,0.05964217800402288
162,0.0812610053005238
163,0.11003085602024996
164,0.14806431348344348
165,0.19801126925581441
166,0.26316796524339287
167,0.34759997961306993
168,0.456278564656351
169,0.5952288815368972
170,0.7716876138173276
171,0.9942661820335605
172,1.2731143436203756
173,1.6200773826837938
174,2.04883842997949
175,2.5750357853669072
176,3.2163435466657804
177,3.9925025059126757
178,4.92528730057285
179,6.038395359725144
180,7.357243423696968
181,8.908658492657795
182,10.720452107006604
183,12.820869976057493
184,15.237913196565614
185,17.99853261841998
186,21.127704222621805
187,24.647400490861944
188,28.575480390633423
189,32.92452841161137
190,37.70068062813828
191,42.902482531316515
192,48.51982884335753
193,54.533039169527825
194,60.91212467303574
195,67.61629957120516
196,74.59378686556046
197,81.78196021152016
198,89.10785327097119
199,96.48905454479569
200,103.83499003409341
201,111.04857880798747
202,118.02822851161451
203,124.67012000451854
204,130.87071371895925
205,136.52939601109156
206,141.55117271394025
207,145.84931011254434
208,149.3478212603603
209,151.98369828908955
210,153.70879917776224
211,154.49131007136705
212,154.3274486380247
213,153.25304497478936
214,151.28937185250393
215,148.47081715922877
216,144.84621450653472
217,140.47743604239898
218,135.43763640821592
219,129.80921744686444
220,123.6815926863168
221,117.14883610869238
222,110.30730111296077
223,103.25329297600308
224,96.08087182243294
225,88.8798536356175
226,81.73406484249283
227,74.71989224953528
228,67.9051554137089
229,61.348313713921776
230,55.098006205380536
231,49.19290945467689
232,43.66188750158268
233,38.52439925773852
234,33.79112225593018
235,29.464747771735986
236,25.540900871773445
237,22.009139694614795
238,18.8539909386664
239,16.055982744871017
240,13.592641512737467
241,11.439425259793756
242,9.570572529046121
243,7.95985220765512
244,6.581205638997156
245,5.409277850460332
246,4.419839410439606
247,3.5901042675985866
248,2.898951873780218
249,2.3270639635552657
250,1.8569876168804855
251,1.4731367579635193
252,1.1617441558140735
253,0.910775413494323
254,0.7098154887131493
