0.0,2.002188480815621
1.0,2.002533116578353
2.0,2.002935038096614
3.0,2.0034052289079214
4.0,2.003957188709629
5.0,2.004607573206551
6.0,2.0053769956319023
7.0,2.006291027058256
8.0,2.007381439690869
9.0,2.008687745328374
10.0,2.010259090081262
11.0,2.012156576208766
12.0,2.0144560924654527
13.0,2.0172517454649252
14.0,2.020659996008406
15.0,2.0248246157278387
16.0,2.029922590276389
17.0,2.03617110505273
18.0,2.043835757315203
19.0,2.053240143624047
20.0,2.0647769727888896
21.0,2.078920850694014
22.0,2.0962428731956746
23.0,2.1174271453025373
24.0,2.1432893175704018
25.0,2.1747971925698826
26.0,2.2130934039928922
27.0,2.2595201071795037
28.0,2.315645541560732
29.0,2.3832922320933982
30.0,2.464566488086326
31.0,2.5618887344005166
32.0,2.6780240731439178
33.0,2.8161123258714693
34.0,2.9796966501532713
35.0,3.1727496644930424
36.0,3.3996958574090894
37.0,3.6654289066075036
38.0,3.975322400225138
39.0,4.3352323426716985
40.0,4.751489751946016
41.0,5.230881623153185
42.0,5.780618554063925
43.0,6.408287412283947
44.0,7.121787578360399
45.0,7.929249531867322
46.0,8.83893486301022
47.0,9.859117192705705
48.0,10.997943968305139
49.0,12.263279665270435
50.0,13.66253155817538
51.0,15.202459914027672
52.0,16.888975189304595
53.0,18.726925557235724
54.0,20.719878827878578
55.0,22.86990352135922
56.0,25.177354482958865
57.0,27.640668955056714
58.0,30.256179413044972
59.0,33.01794969969223
60.0,35.917641027850735
61.0,38.944414242624234
62.0,42.08487432537964
63.0,45.32306247542841
64.0,48.640500221999304
65.0,52.016288910299934
66.0,55.427266592310886
67.0,58.8482228669555
68.0,62.25217059654487
69.0,65.61067172655186
70.0,68.89421271039632
71.0,72.07262335150459
72.0,75.11553128538492
73.0,77.99284289855994
74.0,80.67524027956186
75.0,83.13468287453806
76.0,85.34490192239197
77.0,87.28187550677735
78.0,88.92427220656637
79.0,90.25385185999305
80.0,91.25581287256838
81.0,91.91907677168086
82.0,92.23650230336544
83.0,92.17969618357941
84.0,91.69833896308403
85.0,90.79872217269927
86.0,89.49468572924353
87.0,87.80571004515511
88.0,85.75644899788898
89.0,83.37614736803192
90.0,80.69796187958563
91.0,77.75820775936702
92.0,74.5955546094598
93.0,71.25019630186338
94.0,67.76301954999072
95.0,64.1747948257349
96.0,60.525411454227694
97.0,56.85317614846252
98.0,53.19419108874195
99.0,49.58182407329573
100.0,46.04627944239457
101.0,42.614274585334705
102.0,39.308823045671055
103.0,36.149121696336536
104.0,33.15053629102171
105.0,30.3246770118259
106.0,27.679553495544177
107.0,25.21979727036394
108.0,22.946938579009085
109.0,20.859724183282978
110.0,18.954462894126884
111.0,17.22538618690071
112.0,15.666255998452229
113.0,14.269471834521882
114.0,13.0251622263659
115.0,11.92274721630798
116.0,10.951228841892057
117.0,10.099449511434369
118.0,9.35631598589343
119.0,8.710988093289266
120.0,8.153032534080234
121.0,7.672543166651491
122.0,7.260229981447829
123.0,6.907479581283422
124.0,6.606390394112791
125.0,6.349786070337135
126.0,6.131210581959456
127.0,5.944908471164975
128.0,5.785793518142548
129.0,5.649408838964396
130.0,5.531881109472498
131.0,5.42987126337875
132.0,5.340523652157458
133.0,5.261415297399459
134.0,5.190506526218172
135.0,5.126093966751298
136.0,5.066766600326436
137.0,5.0113653231864195
138.0,4.958946265151367
139.0,4.908747944654505
140.0,4.860162207180957
141.0,4.812708794172236
142.0,4.766013318182835
143.0,4.719788373405414
144.0,4.673817484470456
145.0,4.6279415866708575
146.0,4.582047733751612
147.0,4.536059741821109
148.0,4.489930496911425
149.0,4.44363567683229
150.0,4.397168663273671
151.0,4.3505364460861475
152.0,4.303756347159135
153.0,4.25685341550803
154.0,4.209858367533896
155.0,4.162805966620179
156.0,4.115733754143338
157.0,4.06868105959423
158.0,4.021688230925393
159.0,3.9747960376100266
160.0,3.9280452084134243
161.0,3.881476073746568
162.0,3.8351282889078133
163.0,3.7890406197278192
164.0,3.743250776306995
165.0,3.697795283847226
166.0,3.6527093821838976
167.0,3.608026947653166
168.0,3.5637804324960154
169.0,3.5200008181997093
170.0,3.4767175800869614
171.0,3.433958661147366
172.0,3.3917504536156535
173.0,3.350117787178112
174.0,3.309083922964261
175.0,3.2686705526806366
176.0,3.228897802386868
177.0,3.189784240515741
178.0,3.1513468898101102
179.0,3.1136012428985707
180.0,3.076561281265202
181.0,3.0402394973909517
182.0,3.0046469198588266
183.0,2.969793141224426
184.0,2.935686348459282
185.0,2.902333355778197
186.0,2.869739639664236
187.0,2.837909375906793
188.0,2.806845478469709
189.0,2.7765496400079934
190.0,2.747022373853512
191.0,2.7182630572921966
192.0,2.690269975957902
193.0,2.6630403691711053
194.0,2.6365704760541524
195.0,2.6108555822587394
196.0,2.585890067145748
197.0,2.56166745126241
198.0,2.538180443967003
199.0,2.515420991056898
200.0,2.4933803222616957
201.0,2.47204899846939
202.0,2.4514169585599688
203.0,2.4314735657275324
204.0,2.4122076531788292
205.0,2.3936075691031182
206.0,2.375661220815328
207.0,2.3583561179816277
208.0,2.3416794148437146
209.0,2.325617951365281
210.0,2.310158293231286
211.0,2.2952867706377207
212.0,2.2809895158165676
213.0,2.2672524992475176
214.0,2.2540615645147497
215.0,2.241402461773667
216.0,2.2292608797988493
217.0,2.217622476590697
218.0,2.206472908524206
219.0,2.19579785802904
220.0,2.185583059795577
221.0,2.1758143255068263
222.0,2.16647756710108
223.0,2.1575588185748606
224.0,2.149044256340127
225.0,2.140920218153824
226.0,2.133173220641706
227.0,2.125789975441895
228.0,2.118757403996905
229.0,2.1120626510258163
230.0,2.105693096710987
231.0,2.099636367636066
232.0,2.093880346514229
233.0,2.0884131807473887
234.0,2.083223289858747
235.0,2.0782993718423928
236.0,2.073630408474739
237.0,2.0692056696334706
238.0,2.0650147166702983
239.0,2.061047404884235
240.0,2.0572938851423395
241.0,2.0537446046948857
242.0,2.050390307231767
243.0,2.0472220322266086
244.0,2.0442311136145954
245.0,2.0414091778493706
246.0,2.038748141383614
247.0,2.0362402076170176
248.0,2.0338778633543666
249.0,2.0316538748153663
250.0,2.0295612832366303
251.0,2.0275934001050198
252.0,2.025743802060168
253.0,2.0240063255026475
254.0,2.0223750609428013
