0,1.8040901155049333e-51
1,8.628376577521948e-51
2,4.085610966622506e-50
3,1.915322829057632e-49
4,8.889636744608804e-49
5,4.084915712046182e-48
6,1.8584001841766635e-47
7,8.370519936088068e-47
8,3.732696551733914e-46
9,1.6479726172303082e-45
10,7.203347262722418e-45
11,3.117279675433314e-44
12,1.3355933227051543e-43
13,5.665389397853566e-43
14,2.3792624307535804e-42
15,9.892634957683467e-42
16,4.07228979161182e-41
17,1.6596725943904753e-40
18,6.69673671726006e-40
19,2.6752297315847323e-39
20,1.0580738839855838e-38
21,4.1431242982338016e-38
22,1.6061902517871107e-37
23,6.164857806052118e-37
24,2.3426434673249096e-36
25,8.813458944756011e-36
26,3.2827939887951016e-35
27,1.2105923589360169e-34
28,4.4198678288015906e-34
29,1.5976354615905307e-33
30,5.717460279222352e-33
31,2.0257491984304357e-32
32,7.106000775047977e-32
33,2.467867737577869e-31
34,8.48546342082889e-31
35,2.88859267739477e-30
36,9.735406754866487e-30
37,3.2484706867979524e-29
38,1.0731510579618354e-28
39,3.509941022717978e-28
40,1.1365690756001745e-27
41,3.64375280780724e-27
42,1.1565356739662137e-26
43,3.6343455325313256e-26
44,1.1307079666586804e-25
45,3.48282573010789e-25
46,1.062111452017574e-24
47,3.2067528845311225e-24
48,9.585570192362206e-24
49,2.836791811259911e-23
50,8.311779867283644e-23
51,2.411113506593852e-22
52,6.92465808417349e-22
53,1.9689562573332086e-21
54,5.5428210376897545e-21
55,1.544837135287399e-20
56,4.2627670460196825e-20
57,1.1645484295383891e-19
58,3.1497824839712327e-19
59,8.434524968919415e-19
60,2.2361336037813276e-18
61,5.8693758814332575e-18
62,1.525257444317792e-17
63,3.924202758532255e-17
64,9.995782077429921e-17
65,2.520804555852728e-16
66,6.293882429942178e-16
67,1.555804889854462e-15
68,3.8075769883613055e-15
69,9.22569961217898e-15
70,2.2131302869217996e-14
71,5.256197900499519e-14
72,1.2359289082466207e-13
73,2.8772150787841406e-13
74,6.631445733524916e-13
75,1.5132168465655516e-12
76,3.418622686750642e-12
77,7.646421394241735e-12
78,1.6932549014248636e-11
79,3.712303798314409e-11
80,8.057897398334462e-11
81,1.7316376180569704e-10
82,3.684252150453527e-10
83,7.760661386632164e-10
84,1.618471957175047e-09
85,3.3417093844029403e-09
86,6.831077819574929e-09
87,1.3825054199593276e-08
88,2.7701386547453605e-08
89,5.4953230438166553e-08
90,1.0792995671662874e-07
91,2.098687778037796e-07
92,4.0402730721986775e-07
93,7.700708070327326e-07
94,1.4531406633617626e-06
95,2.7148241699059912e-06
96,5.0214924425070835e-06
97,9.195619127244316e-06
98,1.6671942035761376e-05
99,2.992598566730262e-05
100,5.318238267735543e-05
101,9.35716252815362e-05
102,0.00016299624908983017
103,0.0002811046974762385
104,0.00047997172159520545
105,0.0008113724437423582
106,0.0013579441611447616
107,0.0022500938126112278
108,0.003691274937301867
109,0.005995276503938749
110,0.009640489736186433
111,0.015347796447829267
112,0.024190788249292085
113,0.03774948789248439
114,0.058321564288219226
115,0.08920810599504188
116,0.13509414555144644
117,0.20254699016831626
118,0.3006575501244626
119,0.44185064151231845
120,0.6428888899439681
121,0.9260904516477864
122,1.320772286254872
123,1.864917154368285
124,2.6070430051855875
125,3.6082274145666084
126,4.944207210860184
127,6.70743512229659
128,9.008932911934659
129,11.979736900184523
130,15.77169110593647
131,20.5573107278858
132,26.528420522695164
133,33.893275465457236
134,42.87190133733625
135,53.68945593108251
136,66.56751067778774
137,81.7132878691884
138,99.3070564896227
139,119.4880816031167
140,142.33972513998145
141,167.87449234936483
142,196.0199874582172
143,226.60686206514032
144,259.35988921997756
145,293.8932572572009
146,329.7110387983499
147,366.2135491447288
148,402.70997218415914
149,438.4372196465314
150,472.58453021492005
151,504.322846203216
152,532.8375699224405
153,557.3629429449314
154,577.2160486683308
155,591.8283425090041
156,600.7726824907563
157,603.7840680934994
158,600.772682490756
159,591.8283425090034
160,577.2160486683298
161,557.3629429449303
162,532.8375699224389
163,504.3228462032142
164,472.5845302149182
165,438.4372196465294
166,402.7099721841571
167,366.2135491447267
168,329.7110387983479
169,293.8932572571989
170,259.3598892199756
171,226.60686206513853
172,196.01998745821552
173,167.8744923493633
174,142.3397251399801
175,119.48808160311549
176,99.30705648962162
177,81.71328786918747
178,66.56751067778694
179,53.689455931081845
180,42.87190133733568
181,33.89327546545678
182,26.528420522694788
183,20.557310727885497
184,15.771691105936233
185,11.979736900184331
186,9.008932911934515
187,6.707435122296476
188,4.944207210860095
189,3.6082274145665414
190,2.6070430051855387
191,1.8649171543682503
192,1.320772286254845
193,0.9260904516477676
194,0.6428888899439548
195,0.4418506415123091
196,0.30065755012445566
197,0.2025469901683116
198,0.1350941455514433
199,0.08920810599503981
200,0.058321564288217775
201,0.03774948789248345
202,0.024190788249291485
203,0.015347796447828858
204,0.009640489736186175
205,0.005995276503938578
206,0.0036912749373017683
207,0.002250093812611164
208,0.0013579441611447252
209,0.0008113724437423366
210,0.0004799717215951901
211,0.00028110469747622956
212,0.00016299624908982496
213,9.35716252815332e-05
214,5.3182382677353916e-05
215,2.9925985667301663e-05
216,1.6671942035760844e-05
217,9.19561912724399e-06
218,5.021492442506905e-06
219,2.7148241699058943e-06
220,1.453140663361711e-06
221,7.700708070327025e-07
222,4.0402730721985335e-07
223,2.0986877780377137e-07
224,1.079299567166249e-07
225,5.495323043816441e-08
226,2.7701386547452622e-08
227,1.3825054199592784e-08
228,6.831077819574663e-09
229,3.341709384402797e-09
230,1.6184719571749724e-09
231,7.760661386631807e-10
232,3.6842521504533567e-10
233,1.7316376180568903e-10
234,8.05789739833409e-11
235,3.712303798314251e-11
236,1.6932549014247916e-11
237,7.646421394241409e-12
238,3.418622686750472e-12
239,1.5132168465654872e-12
240,6.631445733524587e-13
241,2.877215078784018e-13
242,1.235928908246559e-13
243,5.256197900499295e-14
244,2.2131302869216895e-14
245,9.225699612178457e-15
246,3.8075769883610886e-15
247,1.5558048898543844e-15
248,6.293882429941865e-16
249,2.520804555852602e-16
250,9.995782077429352e-17
251,3.924202758532032e-17
252,1.525257444317705e-17
253,5.869375881432924e-18
254,2.2361336037812162e-18
