0,6.597535792558666e-48
1,3.429968756582937e-47
2,1.7623496200659817e-46
3,8.949267103768597e-46
4,4.49134449575998e-45
5,2.2277105467148128e-44
6,1.0920302034687567e-43
7,5.2905891346782746e-43
8,2.5331850547914292e-42
9,1.1987353003537786e-41
10,5.606259136592944e-41
11,2.591293094878236e-40
12,1.183732041673914e-39
13,5.34421307340926e-39
14,2.3845565314567406e-38
15,1.0515380121308719e-37
16,4.582851939506031e-37
17,1.973968292537218e-36
18,8.403070638480585e-36
19,3.5353250650950166e-35
20,1.469989343550557e-34
21,6.040773005380747e-34
22,2.4533773002723303e-33
23,9.847583338927464e-33
24,3.906505887185321e-32
25,1.5315839177968286e-31
26,5.934533801452827e-31
27,2.2726152374606778e-30
28,8.601193472870677e-30
29,3.217251523364091e-29
30,1.1893366709812508e-28
31,4.345283339057767e-28
32,1.5690070212014152e-27
33,5.5991895471827684e-27
34,1.9747810383367126e-26
35,6.883450969943009e-26
36,2.3713026912802e-25
37,8.073489059953033e-25
38,2.716620815717126e-24
39,9.034212113519916e-24
40,2.9692381928662144e-23
41,9.644801399234831e-23
42,3.096242991005065e-22
43,9.823591161733838e-22
44,3.0803425783973443e-21
45,9.545996137491799e-21
46,2.923728126317091e-20
47,8.850059960355714e-20
48,2.647579054179474e-19
49,7.82789796564262e-19
50,2.287361841020776e-18
51,6.605688397007838e-18
52,1.8853621802094608e-17
53,5.318204029577508e-17
54,1.4826160407423312e-16
55,4.0849419603564494e-16
56,1.1123375089957983e-15
57,2.9935103923789796e-15
58,7.961931818034554e-15
59,2.0929055720088648e-14
60,5.437187506542134e-14
61,1.39602270731194e-13
62,3.5424534384655584e-13
63,8.884015649288013e-13
64,2.2019526467655047e-12
65,5.393865732629325e-12
66,1.3058274205049649e-11
67,3.124387793192423e-11
68,7.388181856897667e-11
69,1.7266476322198373e-10
70,3.9880753391371165e-10
71,9.103669583358358e-10
72,2.0538234838762184e-09
73,4.5793436963022714e-09
74,1.0091061684364922e-08
75,2.197677580553186e-08
76,4.730255405594939e-08
77,1.0062333324225352e-07
78,2.1154672418791533e-07
79,4.3954911068148914e-07
80,9.026138699978129e-07
81,1.8318507893643776e-06
82,3.674275231452128e-06
83,7.28361145813205e-06
84,1.4269716723165795e-05
85,2.7629780141573916e-05
86,5.287288430322982e-05
87,9.999587201020396e-05
88,0.00018690660007062386
89,0.000345271474194831
90,0.0006303623366296777
91,0.0011374002264109189
92,0.0020282891154928275
93,0.0035747025149242247
94,0.006226492189809562
95,0.010718659762988324
96,0.018236060295276985
97,0.030663028696376913
98,0.050955676935138174
99,0.08368807870985649
100,0.13584013849261253
101,0.21791450037700727
102,0.34549171719902033
103,0.5413556158374473
104,0.8383418539061629
105,1.2830782616465106
106,1.9407904276508998
107,2.9013333624146656
108,4.286571957658825
109,6.259160688087261
110,9.032658264576138
111,12.882749269823508
112,18.159129474758018
113,25.297347815948573
114,34.82959743015518
115,47.39313237744849
116,63.73468865675601
117,84.70905163871608
118,111.26978955394813
119,144.45022071109221
120,185.33295439997704
121,235.00688397581456
122,294.5113356764032
123,364.76817693803224
124,446.5040124677559
125,540.1660506738823
126,645.8366709303951
127,763.1529939253433
128,891.2386659566548
129,1028.6554312838591
130,1173.3817336424397
131,1322.8244664406855
132,1473.868070837876
133,1622.9625494730856
134,1766.2488100929622
135,1899.7163572905527
136,2019.385056494276
137,2121.499873246313
138,2202.7254936687577
139,2260.3268414820004
140,2292.321894611422
141,2297.5949008000352
142,2275.9609742608473
143,2228.176857906753
144,2155.8969775073865
145,2061.5783467642254
146,1948.3419457928233
147,1819.8014764958832
148,1679.8725812433847
149,1532.576515178886
150,1381.8518583476746
151,1231.3862608212785
152,1084.4776758531295
153,943.9313827285641
154,811.9957013495997
155,690.3360147122362
156,580.043852062131
157,481.6755711873825
158,395.31374060761635
159,320.64368813959777
160,257.0377887762053
161,203.64078086426898
162,159.45055196372817
163,123.39023640376801
164,94.36893670189217
165,71.3297699111713
166,53.28513624981556
167,39.340043349590715
168,28.70496910202618
169,20.70011839234491
170,14.75305872230638
171,10.391657128390026
172,7.234042278141027
173,4.977035889226238
174,3.38418423755441
175,2.2742108138970427
176,1.5104311662140903
177,0.9914359265169723
178,0.6431641997548027
179,0.4123562377547328
180,0.26128637927290466
181,0.16362681202335813
182,0.10127113172117197
183,0.06194558428550288
184,0.03744799240798273
185,0.022373824261424546
186,0.013211295329659244
187,0.007709817103252997
188,0.004446683779200776
189,0.0025346728495117495
190,0.0014279107906859953
191,0.0007950120921249955
192,0.0004374615517437918
193,0.00023790279259996335
194,0.00012786529557917524
195,6.792025845830956e-05
196,3.565656221585319e-05
197,1.850005859530395e-05
198,9.486373833202706e-06
199,4.807517371899107e-06
200,2.4078808093866604e-06
201,1.1919076431621306e-06
202,5.831009111355309e-07
203,2.8192807851190304e-07
204,1.3471825190893458e-07
205,6.362210620586551e-08
206,2.969498715990432e-08
207,1.3697828908720363e-08
208,6.244732347552362e-09
209,2.8136457479693386e-09
210,1.2529060329049676e-09
211,5.513927864737724e-10
212,2.398264925883524e-10
213,1.030924184580068e-10
214,4.379754785664336e-11
215,1.8389349200783834e-11
216,7.630911553283178e-12
217,3.1295361743969282e-12
218,1.2684607344900166e-12
219,5.08121505595228e-13
220,2.0116462894445139e-13
221,7.870986378034505e-14
222,3.0436884559714224e-14
223,1.1632276839155334e-14
224,4.393622685530073e-15
225,1.6401149315814697e-15
226,6.050890628068539e-16
227,2.2062657322539976e-16
228,7.950415612055659e-17
229,2.8314920129573214e-17
230,9.966308943724141e-18
231,3.4669441572970546e-18
232,1.1919357429618863e-18
233,4.0499749423756207e-19
234,1.3600200943819334e-19
235,4.513690849146053e-20
236,1.4805115205834937e-20
237,4.799381446747244e-21
238,1.5376314081398494e-21
239,4.868696588391117e-22
240,1.523584956547065e-22
241,4.712096080494257e-23
242,1.4403070768449553e-23
243,4.351004655450637e-24
244,1.29902496468853e-24
245,3.8330010916464317e-25
246,1.1177736937687479e-25
247,3.221531054159366e-26
248,9.176229265927601e-27
249,2.583209834965156e-27
250,7.187015992547911e-28
251,1.976200628431338e-28
252,5.370403916899762e-29
253,1.4423689504149673e-29
254,3.8285936510103044e-30
