0,1.999999999995698
1,1.999999999995698
2,1.999999999995698
3,1.999999999995698
4,1.999999999995698
5,1.999999999995698
6,1.999999999995698
7,1.999999999995698
8,1.999999999995698
9,1.999999999995698
10,1.999999999995698
11,1.999999999995698
12,1.999999999995698
13,1.999999999995698
14,1.999999999995698
15,1.999999999995698
16,1.999999999995698
17,1.999999999995698
18,1.999999999995698
19,1.999999999995698
20,1.999999999995698
21,1.999999999995698
22,1.999999999995698
23,1.999999999995698
24,1.999999999995698
25,1.999999999995698
26,1.999999999995698
27,1.999999999995698
28,1.999999999995698
29,1.999999999995698
30,1.999999999995698
31,1.999999999995698
32,1.999999999995698
33,1.999999999995698
34,1.999999999995698
35,1.999999999995698
36,1.999999999995698
37,1.999999999995698
38,1.999999999995698
39,1.999999999995698
40,1.999999999995698
41,1.999999999995698
42,1.999999999995698
43,1.999999999995698
44,1.999999999995698
45,1.999999999995698
46,1.999999999995698
47,1.999999999995698
48,1.999999999995698
49,1.999999999995698
50,1.999999999995698
51,1.999999999995698
52,1.999999999995698
53,1.999999999995698
54,1.9999999999956983
55,1.9999999999956986
56,1.999999999995699
57,1.9999999999956999
58,1.9999999999957017
59,1.9999999999957057
60,1.9999999999957137
61,1.99999999999573
62,1.9999999999957638
63,1.9999999999958318
64,1.9999999999959686
65,1.9999999999962415
66,1.9999999999967824
67,1.999999999997847
68,1.9999999999999274
69,2.000000000003964
70,2.0000000000117426
71,2.000000000026624
72,2.000000000054897
73,2.000000000108233
74,2.000000000208143
75,2.0000000003939773
76,2.0000000007372023
77,2.0000000013666543
78,2.000000002512899
79,2.0000000045855235
80,2.0000000083067984
81,2.0000000149410084
82,2.00000002668489
83,2.0000000473271653
84,2.000000083353946
85,2.0000001457868803
86,2.0000002532156973
87,2.000000436761689
88,2.0000007481371043
89,2.0000012726271006
90,2.000002149833252
91,2.0000036065520357
92,2.0000060084652183
93,2.0000099407438316
94,2.0000163327092118
95,2.000026649042799
96,2.0000431806372587
97,2.0000694833159396
98,2.0001110340252914
99,2.000176203972453
100,2.0002776894431875
101,2.0004345973849587
102,2.0006754588761604
103,2.001042544935621
104,2.0015979924333287
105,2.0024324208647175
106,2.003676942068527
107,2.0055197438073247
108,2.008228773727712
109,2.0121824709917684
110,2.0179109952023513
111,2.02615098883415
112,2.037917577154107
113,2.0545980471632994
114,2.0780724317498125
115,2.110867019991558
116,2.1563475654327044
117,2.218959600298037
118,2.304523707152831
119,2.420593810706528
120,2.576886692063289
121,2.7857918859335626
122,3.062976104221101
123,3.428115234688952
124,3.9058473904722124
125,4.52721268890057
126,5.332292198636787
127,6.375819531144744
128,7.739839700375381
129,9.562008611232006
130,12.096030409261264
131,15.832658657432704
132,21.72410453930783
133,31.565268488377843
134,48.57820592419319
135,78.20061061460176
136,128.97341228604682
137,213.25185502643228
138,347.2642166157743
139,549.9068675208997
140,839.7359319329837
141,1230.0257494074813
142,1722.531259071033
143,2301.524904523289
144,2930.369179210445
145,3552.8450973841955
146,4100.387684349391
147,4504.44243735628
148,4711.038373548037
149,4693.339888329022
150,4458.14937930537
151,4044.1761492097125
152,3512.658768777779
153,2933.447987708308
154,2370.875387712391
155,1873.2551862320875
156,1468.0964935990871
157,1162.9487270981965
158,950.1653483720406
159,813.2333367115416
160,732.6275356405185
161,689.9983648672323
162,670.4051300292898
163,662.937687680666
164,660.329619598844
165,658.1346060673362
166,653.8606347675308
167,646.2607838824724
168,634.8338917742076
169,619.5094834424801
170,600.4644749870685
171,578.0216915488069
172,552.5936982441997
173,524.6493657930502
174,494.6909515580334
175,463.2358917903444
176,430.8009666021494
177,397.8881540082181
178,364.97217232253206
179,332.4899233548282
180,300.8320545089444
181,270.33678070574814
182,241.28600321522003
183,213.90365734379654
184,188.35612668117435
185,164.7544846232424
186,143.15826742395
187,123.58044826743031
188,105.99326831742677
189,90.33458657723942
190,76.5144328382432
191,64.42148347999705
192,53.929224536454136
193,44.90161636196809
194,37.19812576915157
195,30.67804148525668
196,25.20403461389224
197,20.644965612908614
198,16.8779719268512
199,13.78989532222219
200,11.278125219736221
201,9.250944417563456
202,7.627467410410787
203,6.33726010258992
204,5.31972425870014
205,4.52332170213725
206,3.9047031493284434
207,3.4277956120627655
208,3.062891299579939
209,2.785770513012811
210,2.57688157559509
211,2.420592647280352
212,2.304523455866118
213,2.2189595487440386
214,2.1563475553861466
215,2.110867018131896
216,2.0780724314228394
217,2.0545980471086924
218,2.037917577145445
219,2.0261509888328453
220,2.017910995202165
221,2.0121824709917435
222,2.0082287737277085
223,2.005519743807324
224,2.003676942068527
225,2.0024324208647175
226,2.0015979924333287
227,2.001042544935621
228,2.0006754588761604
229,2.0004345973849587
230,2.0002776894431875
231,2.000176203972453
232,2.0001110340252914
233,2.0000694833159396
234,2.0000431806372587
235,2.000026649042799
236,2.0000163327092118
237,2.0000099407438316
238,2.0000060084652183
239,2.0000036065520357
240,2.000002149833252
241,2.0000012726271006
242,2.0000007481371043
243,2.000000436761689
244,2.0000002532156973
245,2.0000001457868803
246,2.000000083353946
247,2.0000000473271653
248,2.00000002668489
249,2.0000000149410084
250,2.0000000083067984
251,2.0000000045855235
252,2.000000002512899
253,2.0000000013666543
254,2.0000000007372023
