0,29.12971551048751
1,32.11673956029468
2,35.348059823447926
3,38.836371032687985
4,42.5942166511753
5,46.63388192586859
6,50.96727887519452
7,55.60582369756234
8,60.560307231273
9,65.84075924482342
10,71.45630748748587
11,77.41503258110457
12,83.72381998283332
13,90.38821039240406
14,97.41225011369292
15,104.79834300596269
16,112.54710577229388
17,120.6572284284577
18,129.12534187199063
19,137.94589452578657
20,147.11104006060296
21,156.6105382042192
22,166.4316706196395
23,176.55917377913377
24,186.9751906739356
25,197.65924308042867
26,208.5882259525502
27,219.7364253273975
28,231.07556091769936
29,242.5748543225931
30,254.20112351930896
31,265.9189040058044
32,277.6905966515674
33,289.47664198472893
34,301.23572030277165
35,312.92497664640297
36,324.50026932682545
37,335.91644035118924
38,347.12760575510714
39,358.0874635304693
40,368.7496165370651
41,379.06790751318186
42,388.99676305861095
43,398.4915432581446
44,407.5088934489954
45,416.0070945153133
46,423.94640802011355
47,431.28941246171223
48,438.00132696959844
49,444.05031883409106
50,449.4077913947743
51,454.0486489932945
52,457.95153592445894
53,461.09904659265135
54,463.47790439450426
55,465.07910719890646
56,465.8980376764916
57,466.1205761354668
58,466.1354016764082
59,465.95811088999005
60,465.5930292070068
61,465.04507298943963
62,464.31975367564405
63,463.4231797642257
64,462.36205642232005
65,461.1436824969366
66,459.7759447028893
67,458.2673087579578
68,456.62680723568127
69,454.86402390891624
70,452.9890743633616
71,451.0125826699862
72,448.9456539190074
73,446.7998424360397
74,444.5871155234962
75,442.3198125974764
76,440.0105996223291
77,437.67241878191686
78,435.31843336828973
79,432.9619679149204
80,430.61644365265414
81,428.2953094218018
82,426.0119682329578
83,423.77969973166273
84,421.6115788873481
85,419.5203912944008
86,417.518545541841
87,415.6179831771454
88,413.8300868581478
89,412.1655873536675
90,410.6344701174083
91,409.2458822195666
92,408.0080404752659
93,406.9281416571866
94,406.0122757203684
95,405.2653429989388
96,404.6909763563674
97,404.29146928169445
98,404.0677109231223
99,404.0191290365702
100,404.14364179963917
101,404.43761940043686
102,404.89585625559135
103,405.51155464248944
104,406.2763204474557
105,407.18017163466624
106,408.21155993069465
107,409.35740609763985
108,410.6031490348957
109,411.9328088071981
110,413.32906354621076
111,414.7733400164028
112,416.24591747532276
113,417.72604429573386
114,419.19206665472524
115,420.6215684352128
116,421.99152133061756
117,423.2784439963835
118,424.4585689547651
119,425.50801583430626
120,426.40296941483615
121,427.1198608546676
122,427.6355504008322
123,427.92750982721145
124,427.97400281063284
125,427.7542614424063
126,427.2486570830435
127,426.438863801345
128,425.3080126956177
129,423.8408354740647
130,422.0237957725945
131,419.84520681025134
132,417.29533412369
133,414.3664822807608
134,411.0530646472172
135,407.3516554674135
136,403.38343307897543
137,399.27090435551264
138,395.01461867777493
139,390.6155798459664
140,386.07524636265697
141,381.3955294600402
142,376.5787888968787
143,371.6278265637582
144,366.54587794817826
145,361.3366015234533
146,356.0040661372926
147,350.552736487197
148,344.9874567803645
149,339.3134326855861
150,333.53621169355443
151,327.66166201006234
152,321.6959501136815
153,315.64551711564263
154,309.5170540647657
155,303.3174763443759
156,297.0538973111951
157,290.73360132818914
158,284.36401634430825
159,277.95268617397227
160,271.50724262805755
161,265.03537764606017
162,258.5448155760768
163,252.0432857453061
164,245.53849545896776
165,239.03810355993696
166,232.5496946750344
167,226.08075426688248
168,219.63864460259143
169,213.23058174235018
170,206.8636136423433
171,200.54459945736622
172,194.28019011914955
173,188.0768102568027
174,181.94064151602663
175,175.87760732389964
176,169.89335913618467
177,163.99326419431324
178,158.18239480953795
179,152.46551918228312
180,146.84709375551665
181,141.331257092083
182,135.9218252574216
183,130.62228868100425
184,125.43581046219707
185,120.36522607912788
186,115.41304445255287
187,110.58145031069071
188,105.87230779555523
189,101.28716524647854
190,96.82726109229445
191,92.49353078004431
192,88.28661466508035
193,84.20686678506848
194,80.2543644386226
195,76.42891848812518
196,72.73008430568362
197,69.15717328111855
198,65.7092648113526
199,62.38521869154096
200,59.183687829722935
201,56.10313120864888
202,53.1418270207109
203,50.2978859045438
204,47.5692642148282
205,44.95377726008052
206,42.44911244671925
207,40.05284227141198
208,37.76243710759872
209,35.57527773611262
210,33.488667573948106
211,31.499844559418204
212,29.605992656167828
213,27.80425294273458
214,26.091734258542104
215,24.465523381347445
216,22.92269471521396
217,21.460319472025315
218,20.075474333367712
219,18.76524958327262
220,17.52675670580951
221,16.357135444836228
222,15.253560326340075
223,14.213246646725768
224,13.233455933119588
225,12.311500884257352
226,11.444749802802816
227,10.630630532002458
228,9.866633911421667
229,9.150316768129107
230,8.479304461103151
231,7.851292997832687
232,7.264050743080064
233,6.715419740573999
234,6.203316669013567
235,5.725733454199996
236,5.2807375593809915
237,4.866471976003285
238,4.48115493703392
239,4.123079374840825
240,3.790612145330025
241,3.48219303963182
242,3.1963336041228683
243,2.931615788977185
244,2.6866904447671387
245,2.460275685896951
246,2.2511551388564914
247,2.0581760924420145
248,1.8802475662131326
249,1.7163383125502798
250,1.565474766753291
251,1.4267389586870463
252,1.2992663985421604
253,1.1822439483439373
254,1.0749076899176644
