0,3.125292
1,3.914097
2,4.869069
3,6.016355
4,7.384044
5,9.001779
6,10.900231
7,13.110412
8,15.662829
9,18.586488
10,21.907747
11,25.649055
12,29.827598
13,34.453906
14,39.530463
15,45.050394
16,50.996286
17,57.339218
18,64.038071
19,71.039187
20,78.276425
21,85.671672
22,93.135825
23,100.570254
24,107.868736
25,114.919808
26,121.609487
27,127.824259
28,133.454238
29,138.396375
30,142.557583
31,145.857643
32,148.231779
33,149.632768
34,150.032505
35,149.422938
36,147.816340
37,145.244895
38,141.759630
39,137.428727
40,132.335310
41,126.574790
42,120.251901
43,113.477550
44,106.365603
45,99.029760
46,91.580605
47,84.122960
48,76.753616
49,69.559493
50,62.616276
51,55.987531
52,49.724298
53,43.865114
54,38.436438
55,33.453400
56,28.920823
57,24.834436
58,21.182207
59,17.945740
60,15.101664
61,12.622968
62,10.480245
63,8.642804
64,7.079639
65,5.760244
66,4.655259
67,3.736974
68,2.979680
69,2.359894
70,1.856472
71,1.450634
72,1.125901
73,0.867993
74,0.664669
75,0.505554
76,0.381947
77,0.286624
78,0.213646
79,0.158179
80,0.116326
81,0.084973
82,0.061653
83,0.044433
84,0.031807
85,0.022616
86,0.015973
87,0.011205
88,0.007808
89,0.005404
90,0.003715
91,0.002537
92,0.001721
93,0.001159
94,0.000776
95,0.000516
96,0.000340
97,0.000223
98,0.000145
99,0.000094
100,0.000060
101,0.000039
102,0.000024
103,0.000015
104,0.000010
105,0.000006
106,0.000004
107,0.000002
108,0.000001
109,0.000001
110,0.000001
111,0.000000
112,0.000000
113,0.000000
114,0.000000
115,0.000000
116,0.000000
117,0.000000
118,0.000000
119,0.000000
120,0.000000
121,0.000000
122,0.000000
123,0.000000
124,0.000000
125,0.000000
126,0.000000
127,0.000000
128,0.000000
129,0.000000
130,0.000000
131,0.000000
132,0.000000
133,0.000000
134,0.000000
135,0.000000
136,0.000000
137,0.000000
138,0.000000
139,0.000000
140,0.000000
141,0.000000
142,0.000000
