0,4.958060299848572e-35
1,2.413245313005598e-34
2,1.1563925554388524e-33
3,5.455357947167266e-33
4,2.53370101145509e-32
5,1.1585149078889229e-31
6,5.2150927574194415e-31
7,2.3111950393947525e-30
8,1.0083825108503116e-29
9,4.331398697123274e-29
10,1.8316612894281769e-28
11,7.6256403961828145e-28
12,3.1255152644915593e-27
13,1.2611916186313777e-26
14,5.0101955435921244e-26
15,1.9594871755394756e-25
16,7.544740784893656e-25
17,2.859962705274596e-24
18,1.0673099671102156e-23
19,3.9213436988734696e-23
20,1.4183826225729767e-22
21,5.050868285093706e-22
22,1.7707319904673655e-21
23,6.1115838178009175e-21
24,2.0766765550698104e-20
25,6.947012754400201e-20
26,2.2879234059786996e-19
27,7.418208147239187e-19
28,2.367940019997004e-18
29,7.441432191552773e-18
30,2.302271347590055e-17
31,7.012463879363289e-17
32,2.1028045817153644e-16
33,6.207851803276805e-16
34,1.8042549916686404e-15
35,5.16260192513422e-15
36,1.454298349574573e-14
37,4.033225758845096e-14
38,1.1011987301124169e-13
39,2.960008923350005e-13
40,7.833114726623065e-13
41,2.0407514007424796e-12
42,5.234315156497481e-12
43,1.3217331456277063e-11
44,3.285805431037334e-11
45,8.041814551778416e-11
46,1.9376726677796766e-10
47,4.5964328671513665e-10
48,1.0734345716862804e-09
49,2.4679956161453637e-09
50,5.586339662121912e-09
51,1.244871261959949e-08
52,2.7310879939824474e-08
53,5.898764984118006e-08
54,1.2542977486692105e-07
55,2.625755843645183e-07
56,5.411556378145821e-07
57,1.0980046584990247e-06
58,2.1933115558318057e-06
59,4.313309476953904e-06
60,8.350934188109666e-06
61,1.591745575558054e-05
62,2.9869392538340352e-05
63,5.5181471574210886e-05
64,0.00010036315711705462
65,0.00017970886428271999
66,0.0003167953756210725
67,0.000549796936975507
68,0.0009393770534039937
69,0.0015801260294377917
70,0.0026167224233897926
71,0.004266165835561308
72,0.006847498718137785
73,0.010820325723815477
74,0.01683305173242007
75,0.025780986440852572
76,0.038873205258848804
77,0.057705249255129674
78,0.08433239607068313
79,0.12133545051156916
80,0.17186803946865226
81,0.23967166204005708
82,0.3290428066554699
83,0.4447359768296285
84,0.5917881626405905
85,0.775254745602516
86,0.9998543528469908
87,1.2695306739700318
88,1.5869520486429554
89,1.9529834307669653
90,2.3661782710654
91,2.8223476867095125
92,3.314268691760823
93,3.8315902863192983
94,4.360984685891534
95,4.886570944330674
96,5.390611131721625
97,5.8544479336566315
98,6.259621028835595
99,6.589072444472675
100,6.828332692676275
101,6.966573314523126
102,6.997419318257812
103,6.919436627719937
104,6.736242628841861
105,6.456227945506917
106,6.091919249443509
107,5.659050498204133
108,5.175438467169299
109,4.659774262282409
110,4.13044416531012
111,3.6044813441799395
112,3.09672725931851
113,2.619251979232087
114,2.1810506598876565
115,1.7880035400652434
116,1.4430625102902208
117,1.1466108915042788
118,0.8969353279173029
119,0.6907491291964536
120,0.5237134297934558
121,0.39091399997947457
122,0.28726511320573206
123,0.2078254346096793
124,0.1480228142941548
125,0.10379412339076412
126,0.07165244631596718
127,0.04869713691671577
128,0.032582918544538285
129,0.02146301286711948
130,0.013918919973395288
131,0.008886577618907857
132,0.005585701045322478
133,0.0034564874633099276
134,0.002105748174462526
135,0.0012629670737553168
136,0.0007457474425464743
137,0.0004335165338637702
138,0.0002481039664244308
139,0.0001397899333430629
140,7.754114987091183e-05
141,4.234505729391166e-05
142,2.2766033019204567e-05
