0,40.38809683620743
1,41.40651380428775
2,42.586856443136796
3,43.9551629252326
4,45.53941196175957
5,47.36913987397719
6,49.474911372113866
7,51.887634480333794
8,54.63771599513086
9,57.754061323427614
10,61.262931344634964
11,65.18667877280575
12,69.54239691855716
13,74.34052419472478
14,79.58345749640534
15,85.26423596390555
16,91.36536282897234
17,97.85783630461191
18,104.70046015585254
19,111.83950019238577
20,119.20874418517872
21,126.73000963145051
22,134.31412668635258
23,141.86240307544935
24,149.2685548367297
25,156.42106251845166
26,163.20588838437777
27,169.50946776706002
28,175.2218684841087
29,180.2399976032135
30,184.4707259961947
31,187.83379892012456
32,190.26440575420753
33,191.71529399129605
34,192.15833113865784
35,191.58544236999722
36,190.00888023452734
37,187.46081380479276
38,183.99225647821908
39,179.67138232785342
40,174.58130859962992
41,168.8174450677582
42,162.48452820825577
43,155.6934686714682
44,148.55814393333176
45,141.19226436788549
46,133.7064308505845
47,126.20548630871394
48,118.78624362449952
49,111.53564941224806
50,104.5294189626147
51,97.83115357617211
52,91.49192896450867
53,85.55032353325367
54,80.03283905337021
55,74.95465403871523
56,70.32064232430184
57,66.12658582475211
58,62.36051092714615
59,59.004081908788116
60,56.033991493936256
61,53.42329741924335
62,51.14266389271489
63,49.16147737019753
64,47.448816483527864
65,45.974265695605936
66,44.70857092079621
67,43.624142660310845
68,42.69541801520808
69,41.899097218228206
70,41.214273120023186
71,40.62247348413886
72,40.107636127901216
73,39.656036039067835
74,39.256181735627806
75,38.89869543497633
76,38.5761881619989
77,38.28313686129085
78,38.015766029160105
79,37.7719315595578
80,37.550999724426646
81,37.35370993266441
82,37.182006710726135
83,37.0388248898217
84,36.92781294603701
85,36.85298338038969
86,36.81828623390467
87,36.82711216390786
88,36.881744255333714
89,36.98279157895982
90,37.128650545149085
91,37.3150500662319
92,37.53474110286146
93,37.77738835622626
94,38.02971050967476
95,38.275895542268046
96,38.49829067713693
97,38.67833534833859
98,38.79767415924759
99,38.8393597307367
100,38.78903700895506
101,38.635994480833595
102,38.37397564867011
103,38.00166577888101
104,37.52280193804975
105,36.94589439289245
106,36.283589139231395
107,35.55173892565722
108,34.7682786176947
109,33.95201657504515
110,33.12145538387283
111,32.29374346992319
112,31.483836418788115
113,30.70391721345228
114,29.963092641607467
115,29.267353223539786
116,28.619759717310167
117,28.020802836817715
118,27.468875086829257
119,26.960794049910824
120,26.492323492929806
121,26.05865012762152
122,25.654787429797295
123,25.275891481994435
124,24.917485723187674
125,24.575600743572295
126,24.246841437829183
127,23.92839702457097
128,23.6180101120097
129,23.3139197946551
130,23.014791403597407
131,22.719642638216833
132,22.4277728807469
133,22.138699877770947
134,21.85210585161559
135,21.567793540367767
136,21.285651628408267
137,21.005628436943688
138,20.72771249053115
139,20.45191855557734
140,20.178277868709458
141,19.906831465506254
142,19.637625733308177
