0,42.333333333333336
1,43.0
2,45.0
3,47.666666666666664
4,51.0
5,51.666666666666664
6,54.666666666666664
7,58.666666666666664
8,62.666666666666664
9,66.0
10,70.66666666666667
11,73.0
12,77.0
13,83.33333333333333
14,86.66666666666667
15,91.0
16,97.0
17,101.66666666666667
18,106.0
19,114.0
20,120.0
21,126.33333333333333
22,132.33333333333334
23,137.66666666666666
24,142.33333333333334
25,150.33333333333334
26,155.33333333333334
27,162.33333333333334
28,168.0
29,173.33333333333334
30,177.0
31,181.0
32,184.66666666666666
33,187.66666666666666
34,189.33333333333334
35,193.66666666666666
36,194.33333333333334
37,190.66666666666666
38,189.66666666666666
39,187.33333333333334
40,183.0
41,177.0
42,172.33333333333334
43,164.66666666666666
44,156.0
45,149.33333333333334
46,138.0
47,129.0
48,122.0
49,110.33333333333333
50,102.66666666666667
51,93.33333333333333
52,85.33333333333333
53,77.66666666666667
54,71.0
55,65.33333333333333
56,62.0
57,57.666666666666664
58,53.0
59,49.666666666666664
60,46.666666666666664
61,44.666666666666664
62,43.666666666666664
63,42.0
64,41.666666666666664
65,39.666666666666664
66,40.666666666666664
67,39.666666666666664
68,39.333333333333336
69,38.333333333333336
70,38.333333333333336
71,37.666666666666664
72,37.666666666666664
73,38.0
74,38.666666666666664
75,38.666666666666664
76,36.666666666666664
77,37.333333333333336
78,38.0
79,38.666666666666664
80,37.333333333333336
81,38.666666666666664
82,38.333333333333336
83,38.0
84,38.333333333333336
85,39.333333333333336
86,39.333333333333336
87,39.666666666666664
88,40.0
89,40.0
90,40.0
91,40.666666666666664
92,40.333333333333336
93,39.333333333333336
94,40.333333333333336
95,41.333333333333336
96,40.333333333333336
97,40.333333333333336
98,40.666666666666664
99,40.0
100,40.666666666666664
101,40.333333333333336
102,40.0
103,40.333333333333336
104,39.666666666666664
105,39.333333333333336
106,38.0
107,38.0
108,38.0
109,37.0
110,36.666666666666664
111,35.333333333333336
112,34.666666666666664
113,34.333333333333336
114,33.0
115,30.666666666666668
116,30.666666666666668
117,29.666666666666668
118,28.666666666666668
119,27.0
120,26.333333333333332
121,25.333333333333332
122,24.666666666666668
123,23.666666666666668
124,22.333333333333332
125,22.333333333333332
126,21.333333333333332
127,21.0
128,20.666666666666668
129,20.0
130,19.666666666666668
131,19.0
132,19.333333333333332
133,18.333333333333332
134,18.333333333333332
135,18.0
136,18.333333333333332
137,18.333333333333332
138,17.666666666666668
139,17.666666666666668
140,17.333333333333332
141,17.0
142,17.0
