0.0,0.000000
1.0,0.000000
2.0,0.000000
3.0,0.000000
4.0,0.000000
5.0,0.000000
6.0,0.000000
7.0,0.000000
8.0,0.000000
9.0,0.000000
10.0,0.000000
11.0,0.000000
12.0,0.000000
13.0,0.000000
14.0,0.000000
15.0,0.000000
16.0,0.000000
17.0,0.000000
18.0,0.000000
19.0,0.000000
20.0,0.000000
21.0,0.000000
22.0,0.000000
23.0,0.000000
24.0,0.000000
25.0,0.000000
26.0,0.000000
27.0,0.000000
28.0,0.000000
29.0,0.000000
30.0,0.000000
31.0,0.000000
32.0,0.000000
33.0,0.000000
34.0,0.000000
35.0,0.000000
36.0,0.000000
37.0,0.000000
38.0,0.000000
39.0,0.000000
40.0,0.000000
41.0,0.000000
42.0,0.000000
43.0,0.000000
44.0,0.000000
45.0,0.000000
46.0,0.000000
47.0,0.000000
48.0,0.000000
49.0,0.000000
50.0,0.000000
51.0,0.000000
52.0,0.000000
53.0,0.000000
54.0,0.000000
55.0,0.000000
56.0,0.000000
57.0,0.000000
58.0,0.000000
59.0,0.000000
60.0,0.000000
61.0,0.000000
62.0,0.000000
63.0,0.000000
64.0,0.000000
65.0,0.000000
66.0,0.000000
67.0,0.000000
68.0,0.000000
69.0,0.000000
70.0,0.000000
71.0,0.000000
72.0,0.000000
73.0,0.000000
74.0,0.000000
75.0,0.000000
76.0,0.000000
77.0,0.000000
78.0,0.000000
79.0,0.000000
80.0,0.000000
81.0,0.000000
82.0,0.000000
83.0,0.000000
84.0,0.000000
85.0,0.000000
86.0,0.000000
87.0,0.000000
88.0,0.000000
89.0,0.000000
90.0,0.000000
91.0,0.000000
92.0,0.000000
93.0,0.000000
94.0,0.000000
95.0,0.000000
96.0,0.000000
97.0,0.000000
98.0,0.000000
99.0,0.000000
100.0,0.000000
101.0,0.000000
102.0,0.000000
103.0,0.000000
104.0,0.000000
105.0,0.000000
106.0,0.000000
107.0,0.000000
108.0,0.000000
109.0,0.000000
110.0,0.000000
111.0,0.000000
112.0,0.000000
113.0,0.000000
114.0,0.000000
115.0,0.000000
116.0,0.000000
117.0,0.000000
118.0,0.000000
119.0,0.000000
120.0,0.000000
121.0,0.000000
122.0,0.000000
123.0,0.000000
124.0,0.000000
125.0,0.000000
126.0,0.000000
127.0,0.000000
128.0,0.000000
129.0,0.000000
130.0,0.000000
131.0,0.000000
132.0,0.000000
133.0,0.000000
134.0,0.000000
135.0,0.000000
136.0,0.000000
137.0,0.000000
138.0,0.000000
139.0,0.000000
140.0,0.000000
141.0,0.000000
142.0,0.000000
143.0,0.000000
144.0,0.000000
145.0,0.000000
146.0,0.000000
147.0,0.000000
148.0,0.000000
149.0,0.000000
150.0,0.000000
151.0,0.000000
152.0,0.000000
153.0,0.000000
154.0,0.000000
155.0,0.000000
156.0,0.000000
157.0,0.000000
158.0,0.000000
159.0,0.000000
160.0,0.000000
161.0,0.000000
162.0,0.000000
163.0,0.000000
164.0,0.000000
165.0,0.000000
166.0,0.000000
167.0,0.000000
168.0,0.000000
169.0,0.000000
170.0,0.000000
171.0,0.000000
172.0,0.000000
173.0,0.000000
174.0,0.000000
175.0,0.000000
176.0,0.000000
177.0,0.000000
178.0,0.000000
179.0,0.000000
180.0,0.000000
181.0,0.000001
182.0,0.000003
183.0,0.000011
184.0,0.000036
185.0,0.000112
186.0,0.000334
187.0,0.000969
188.0,0.002731
189.0,0.007471
190.0,0.019839
191.0,0.051141
192.0,0.127965
193.0,0.310821
194.0,0.732853
195.0,1.677313
196.0,3.726500
197.0,8.036708
198.0,16.824616
199.0,34.190234
200.0,67.444868
201.0,129.147406
202.0,240.055911
203.0,433.140766
204.0,758.639853
205.0,1289.829142
206.0,2128.720561
207.0,3410.319457
208.0,5303.485781
209.0,8006.038844
210.0,11731.780131
211.0,16687.838013
212.0,23042.318425
213.0,30884.616320
214.0,40183.539215
215.0,50750.940854
216.0,62219.991692
217.0,74046.705024
218.0,85540.437057
219.0,95923.966805
220.0,104417.365957
221.0,110333.723519
222.0,113170.635456
223.0,112680.605525
224.0,108906.682274
225.0,102176.217616
226.0,93054.001602
227.0,82264.075988
228.0,70595.225886
229.0,58807.183318
230.0,47552.719947
231.0,37325.899774
232.0,28440.363722
233.0,21035.359811
234.0,15102.703001
235.0,10525.660477
236.0,7120.884967
237.0,4676.366292
238.0,2981.075743
239.0,1844.707180
240.0,1108.081754
241.0,646.109471
242.0,365.704538
243.0,200.929882
244.0,107.163934
245.0,55.480799
246.0,27.882178
247.0,13.601933
248.0,6.441166
249.0,2.960863
250.0,1.321180
251.0,0.572263
252.0,0.240613
253.0,0.098205
254.0,0.038908
