0.0,5.871955020083921e-05
1.0,7.157127413422356e-05
2.0,8.715343043304282e-05
3.0,0.00010602784436583836
4.0,0.00012886799944956031
5.0,0.0001564804008304361
6.0,0.000189829857592475
7.0,0.0002300693696823576
8.0,0.0002785754187909348
9.0,0.0003369895938599253
10.0,0.000407267633431949
11.0,0.0004917371417086011
12.0,0.0005931654361694858
13.0,0.000714839215589417
14.0,0.000860658002379677
15.0,0.0010352436169827192
16.0,0.0012440682897318044
17.0,0.0014936044129209064
18.0,0.0017914993892568433
19.0,0.0021467795495583174
20.0,0.002570087700495967
21.0,0.0030739595311749354
22.0,0.0036731448652290956
23.0,0.004384980603628654
24.0,0.005229823174502344
25.0,0.006231549403029635
26.0,0.007418135951214889
27.0,0.008822328869818982
28.0,0.010482416370024727
29.0,0.012443119679203763
30.0,0.014756618813677798
31.0,0.017483732303543078
32.0,0.020695272364107484
33.0,0.02447359975072844
34.0,0.02891440558613855
35.0,0.03412875084088754
36.0,0.040245397909402555
37.0,0.0474134728893609
38.0,0.055805501775442044
39.0,0.06562086885677128
40.0,0.07708975119890785
41.0,0.09047758923611328
42.0,0.10609016023936083
43.0,0.12427932880286635
44.0,0.145449556550554
45.0,0.17006526204822692
46.0,0.19865913146196396
47.0,0.23184149087290978
48.0,0.2703108623869688
49.0,0.31486583830745046
50.0,0.3664184207098861
51.0,0.4260089878087458
52.0,0.4948230635695361
53.0,0.574210083126069
54.0,0.6657043637349619
55.0,0.7710485092541373
56.0,0.8922194954772873
57.0,1.031457704090308
58.0,1.191299194525468
59.0,1.3746115255486069
60.0,1.5846334619829823
61.0,1.8250189264931738
62.0,2.0998855817474396
63.0,2.4138684544503843
64.0,2.7721790395702435
65.0,3.1806703504319374
66.0,3.6459084080367345
67.0,4.1752506908009925
68.0,4.776932093647901
69.0,5.460158972771001
70.0,6.235211879115723
71.0,7.113557609356099
72.0,8.10797122750026
73.0,9.232668732821764
74.0,10.503451070124605
75.0,11.937860195904404
76.0,13.555347928221751
77.0,15.37745831846677
78.0,17.428024289036905
79.0,19.733379281597966
80.0,22.32258465534259
81.0,25.227673562750063
82.0,28.48391201100471
83.0,32.13007778963446
84.0,36.208757908252295
85.0,40.76666514166228
86.0,45.85497422216701
87.0,51.52967814981015
88.0,57.851965009647
89.0,64.88861559010483
90.0,72.71242198725714
91.0,81.40262725560785
92.0,91.04538602603735
93.0,101.7342458552428
94.0,113.57064889773348
95.0,126.6644533007427
96.0,141.13447351393498
97.0,157.10903847929097
98.0,174.72656642198126
99.0,194.13615470048885
100.0,215.49818289400147
101.0,238.98492700768207
102.0,264.78118236255045
103.0,293.0848924073689
104.0,324.107780346332
105.0,358.07598012006406
106.0,395.23066291020194
107.0,435.8286549618093
108.0,480.1430421354759
109.0,528.4637562148927
110.0,581.0981376090903
111.0,638.3714687047276
112.0,700.6274717465357
113.0,768.2287647573136
114.0,841.5572686570208
115.0,921.0145584081358
116.0,1007.0221507064226
117.0,1100.0217204576743
118.0,1200.4752380371342
119.0,1308.865019124694
120.0,1425.69367875109
121.0,1551.4839810839296
122.0,1686.778576433051
123.0,1832.1396169681611
124.0,1988.1482427233059
125.0,2155.4039296179403
126.0,2334.5236914582074
127.0,2526.1411281991886
128.0,2730.905313153822
129.0,2949.4795123306026
130.0,3182.5397296733995
131.0,3430.773072665343
132.0,3694.8759335466443
133.0,3975.551982284309
134.0,4273.509968420359
135.0,4589.461330013277
136.0,4924.117609073288
137.0,5278.187674172648
138.0,5652.374752283279
139.0,6047.373273350515
140.0,6463.865532646775
141.0,6902.518177555044
142.0,7363.97852709981
143.0,7848.870734262479
144.0,8357.791802877644
145.0,8891.307472693217
146.0,9449.947987977559
147.0,10034.203766855378
148.0,10644.520990335615
149.0,11281.297131741798
150.0,11944.876448951389
151.0,12635.545463476943
152.0,13353.528451960363
153.0,14098.982977083213
154.0,14871.99548620209
155.0,15672.577007179867
156.0,16500.658971882585
157.0,17356.089198630336
158.0,18238.62806551104
159.0,19147.944906873025
160.0,20083.614665490215
161.0,21045.114832829502
162.0,22031.822709531432
163.0,23043.01301763241
164.0,24077.855895201985
165.0,25135.41530293571
166.0,26214.64787083017
167.0,27314.402211370583
168.0,28433.418723685525
169.0,29570.32991087165
170.0,30723.66123017213
171.0,31891.83249291635
172.0,33073.1598281076
173.0,34265.85822029799
174.0,35468.04462893306
175.0,36677.74169270598
176.0,37892.882018655895
177.0,39111.31305180501
178.0,40330.80251708299
179.0,41549.04442116685
180.0,42763.66559770219
181.0,43972.23277520298
182.0,45172.26014278658
183.0,46361.217384825926
184.0,47536.53815162844
185.0,48695.628929418
186.0,49835.87826924006
187.0,50954.66633096591
188.0,52049.374695375795
189.0,53117.396394385774
190.0,54156.14610688126
191.0,55163.07046536092
192.0,56135.65841670492
193.0,57071.45157888512
194.0,57968.0545343528
195.0,58823.14500018869
196.0,59634.48381489408
197.0,60399.92468194974
198.0,61117.42361097716
199.0,61785.04799850379
200.0,62400.98529195919
201.0,62963.55118260182
202.0,63471.19727558763
203.0,63922.518188321636
204.0,64316.25803156525
205.0,64651.31623147722
206.0,64926.7526548196
207.0,65141.792003927076
208.0,65295.827452685764
209.0,65388.42349965647
210.0,65419.31801956818
211.0,64085.602953757596
212.0,60245.39578538673
213.0,54349.577664731776
214.0,47051.92652741478
215.0,39090.171106829104
216.0,31164.96599991704
217.0,23843.755956603432
218.0,17506.188624256898
219.0,12334.383964294791
220.0,8339.734955658048
221.0,5411.229557916748
222.0,3369.3691295806784
223.0,2013.3076862400242
224.0,1154.464639561644
225.0,635.2724824991141
226.0,335.4658970487374
227.0,169.99871357727912
228.0,82.6707385820877
229.0,38.58041767376984
230.0,17.277900041773883
231.0,7.425469421494204
232.0,3.0624273557596458
233.0,1.2120390206361908
234.0,0.4603374766914388
235.0,0.16778185380389002
236.0,0.058684386538769846
237.0,0.019697407704384187
238.0,0.006344603757714296
239.0,0.00196114117835119
240.0,0.0005817309068204139
241.0,0.0001655939028801706
242.0,4.5235091272199674e-05
243.0,1.1858111358865311e-05
244.0,2.983077268386004e-06
245.0,7.201490724851854e-07
246.0,1.668357943079815e-07
247.0,3.7090696249722115e-08
248.0,7.913154823450321e-09
249.0,1.6201053821447935e-09
250.0,3.183067082405697e-10
251.0,6.001464516453077e-11
252.0,1.0858694597998505e-11
253.0,1.8854148330929357e-12
254.0,3.1415584543549735e-13
