0.0,0.16769454581663645
1.0,0.815902297152603
2.0,3.4574012206693547
3.0,12.760092214950472
4.0,41.01571170174981
5.0,114.82569890253106
6.0,279.9757070219152
7.0,594.5577020601404
8.0,1099.6641723051723
9.0,1771.4077844224244
10.0,2485.2462595584316
11.0,3036.7757006907405
12.0,3232.3619278895476
13.0,3226.2467549349226
14.0,3209.0644418316247
15.0,3180.9918444462014
16.0,3142.316549253955
17.0,3093.431968794556
18.0,3034.8306800019586
19.0,2967.0961631398086
20.0,2890.8931350446137
21.0,2806.9567005185854
22.0,2716.080569200643
23.0,2619.104601497619
24.0,2516.9019558559426
25.0,2410.3661107385446
26.0,2300.398028342697
27.0,2187.8937137956123
28.0,2073.7324039581667
29.0,1958.7655949015539
30.0,1843.8070875925603
31.0,1729.624198430294
32.0,1616.9302461790367
33.0,1506.378390710218
34.0,1398.5568629427885
35.0,1293.9855905264296
36.0,1193.1141911119441
37.0,1096.3212753296993
38.0,1003.9149755269336
39.0,916.1345944059599
40.0,833.1532502905216
41.0,755.0813829859234
42.0,681.97097608328
43.0,613.8203479308651
44.0,550.5793640644345
45.0,492.1549282511215
46.0,438.4166169694316
47.0,389.20233257188823
48.0,344.32386297299337
49.0,303.5722498788444
50.0,266.7228827432499
51.0,233.54025124705365
52.0,203.78230464854795
53.0,177.20438139921808
54.0,153.56268658513525
55.0,132.61730773841845
56.0,114.13477113893694
57.0,97.89015074137203
58.0,83.66875023414444
59.0,71.26738544530156
60.0,60.49529939258847
61.0,51.17474581366501
62.0,43.14127912804848
63.0,36.243789622852844
64.0,30.344322386234612
65.0,25.317717312052768
66.0,21.051105545340825
67.0,17.44329520523361
68.0,14.404076274861833
69.0,11.8534713375198
70.0,9.720955499504077
71.0,7.944665488239873
72.0,6.470614646075151
73.0,5.25192743249886
74.0,4.248104158975467
75.0,3.4243240522412606
76.0,2.750792399354992
77.0,2.202135483029416
78.0,1.7568452693193493
79.0,1.3967743528237968
80.0,1.106680481165036
81.0,0.8738190493508505
82.0,0.6875812509065393
83.0,0.5391750696059942
84.0,0.4213459657904423
85.0,0.3281339275834343
86.0,0.2546634939532602
87.0,0.1969633895275285
88.0,0.15181251855724015
89.0,0.11660922816950232
90.0,0.0892609523307535
91.0,0.06809157362255537
92.0,0.051764078325510894
93.0,0.0392163220175337
94.0,0.029607960597949252
95.0,0.02227682985959634
96.0,0.016703271541780577
97.0,0.012481102637885284
98.0,0.009294106132249628
99.0,0.006897084711530308
100.0,0.005100664429662141
101.0,0.0037591634069895742
102.0,0.002760952380341918
103.0,0.002020830498326113
104.0,0.0014740225202436643
105.0,0.0010714739322390593
106.0,0.0007761798430324183
107.0,0.0005603332194033833
108.0,0.0004031193456367246
109.0,0.0002890175199513205
110.0,0.0002064990031181303
111.0,0.00014703306433208412
112.0,0.00010433146778606073
113.0,7.377664228674135e-05
114.0,5.199070588902172e-05
115.0,3.6512015061487375e-05
116.0,2.555342684587547e-05
117.0,1.7822382362587383e-05
118.0,1.2387555801452019e-05
119.0,8.58042403177101e-06
120.0,5.922910047927533e-06
121.0,4.074410507194093e-06
122.0,2.793172058884767e-06
123.0,1.9082437759661464e-06
124.0,1.299191826890475e-06
125.0,8.814871075065961e-07
126.0,5.960214770902461e-07
127.0,4.0161609935734203e-07
128.0,2.696892142095827e-07
129.0,1.8047593550320614e-07
130.0,1.203589208517963e-07
131.0,7.999088990273404e-08
132.0,5.2979277489974003e-08
133.0,3.496832210069183e-08
134.0,2.300100520191314e-08
135.0,1.5077248686717165e-08
136.0,9.849192822906237e-09
137.0,6.411836528694335e-09
138.0,4.159752606294143e-09
139.0,2.6894026183952985e-09
140.0,1.7327958689978151e-09
141.0,1.1126081686964947e-09
142.0,7.119349999763357e-10
143.0,4.539852092022375e-10
144.0,2.885003359318873e-10
145.0,1.8270658586504338e-10
146.0,1.1530956693053465e-10
147.0,7.252366439903836e-11
148.0,4.545664698585929e-11
149.0,2.839345981642621e-11
150.0,1.7674311025484423e-11
151.0,1.0964022814813786e-11
152.0,6.777985377962601e-12
153.0,4.175750909091175e-12
154.0,2.563727139125592e-12
155.0,1.5686002392339634e-12
156.0,9.564362164287345e-13
157.0,5.811697596460787e-13
158.0,3.51927547940116e-13
159.0,2.123766561195846e-13
160.0,1.2772136554776581e-13
161.0,7.654619150208197e-14
162.0,4.571796403583025e-14
163.0,2.7211559716160925e-14
164.0,1.6140732831581218e-14
165.0,9.541053303279086e-15
166.0,5.620470271712571e-15
167.0,3.2995312630623166e-15
168.0,1.930345733186599e-15
169.0,1.1254370596790073e-15
170.0,6.538988652832014e-16
171.0,3.786197070854536e-16
172.0,2.1847367107000769e-16
173.0,1.2563141669096156e-16
174.0,7.199472343192835e-17
175.0,4.111557213432303e-17
176.0,2.3399968238389404e-17
177.0,1.327172754841105e-17
178.0,7.501410067253616e-18
179.0,4.225339562526997e-18
180.0,2.3718301470534125e-18
181.0,1.3268102360243518e-18
182.0,7.396688024589533e-19
183.0,4.1093113667143902e-19
184.0,2.2751186841889186e-19
185.0,1.2552849569632417e-19
186.0,6.902141387643127e-20
187.0,3.782061948575162e-20
188.0,2.0652692772452547e-20
189.0,1.1239008267977558e-20
190.0,6.09512415666964e-21
191.0,3.294127329128672e-21
192.0,1.774195475405584e-21
193.0,9.522825195391033e-22
194.0,5.093700632753643e-22
195.0,2.7152153574185767e-22
196.0,1.4423757276685342e-22
197.0,7.635821882604015e-23
198.0,4.0284356694892825e-23
199.0,2.1179725929690423e-23
200.0,1.1097048875896077e-23
201.0,5.794259232791535e-24
202.0,3.0150297638582607e-24
203.0,1.5634663763077051e-24
204.0,8.079579294117267e-25
205.0,4.16094723913069e-25
206.0,2.135496825214293e-25
207.0,1.0922169473209443e-25
208.0,5.567011923817886e-26
209.0,2.8277346383946515e-26
210.0,1.43139142686603e-26
211.0,7.220735410137702e-27
212.0,3.630009075102899e-27
213.0,1.8186002642927933e-27
214.0,9.079669670743258e-28
215.0,4.51758265361311e-28
216.0,2.2399866259734726e-28
217.0,1.106848047395935e-28
218.0,5.450468585460485e-29
219.0,2.674748411000574e-29
220.0,1.3080829808935112e-29
221.0,6.375157402245177e-30
222.0,3.0963481644416913e-30
223.0,1.4986903969509263e-30
224.0,7.22898494628464e-31
225.0,3.4749293235865576e-31
226.0,1.6646306667398245e-31
227.0,7.946814328221885e-32
228.0,3.78069376280332e-32
229.0,1.7924753632237183e-32
230.0,8.469117324438247e-33
231.0,3.9877356700489256e-33
232.0,1.871189779014055e-33
233.0,8.750091002088294e-34
234.0,4.077655790802028e-34
235.0,1.893702773702932e-34
236.0,8.764281689379476e-35
237.0,4.042258655343447e-35
238.0,1.857954744439798e-35
239.0,8.510389218696097e-36
240.0,3.884784872806119e-36
241.0,1.7672084716293596e-36
242.0,8.01146344362175e-37
243.0,3.619421697935637e-37
244.0,1.6295578231764437e-37
245.0,7.311451866324783e-38
246.0,3.269194311905404e-38
247.0,1.4567368409644923e-38
248.0,6.468815021571119e-39
249.0,2.8626722031609668e-39
250.0,1.2624720417991703e-39
251.0,5.548494720000391e-40
252.0,2.430143081763555e-40
253.0,1.0606980538700283e-40
254.0,4.613759570194501e-41
