0,1.472320522248724e-48
1,6.765524179769528e-48
2,3.0779218637628566e-47
3,1.3863432936411704e-46
4,6.182171324129546e-46
5,2.7294072571903473e-45
6,1.19303367600732e-44
7,5.162904820056605e-44
8,2.212038033600996e-43
9,9.383138272830754e-43
10,3.9405849814260714e-42
11,1.6384392170068878e-41
12,6.744612862128721e-41
13,2.748785007910254e-40
14,1.1091277612550438e-39
15,4.4307723124129494e-39
16,1.7524044437385436e-38
17,6.861930476761462e-38
18,2.660206415944024e-37
19,1.0210368460893959e-36
20,3.879935876284396e-36
21,1.4597037932095941e-35
22,5.43703314193236e-35
23,2.0050087819616824e-34
24,7.320278991060009e-34
25,2.6460377906876596e-33
26,9.469379172716047e-33
27,3.355088856231193e-32
28,1.1769109439216889e-31
29,4.087334972866003e-31
30,1.405380477762932e-30
31,4.784148555816903e-30
32,1.6123987480502553e-29
33,5.380186160021214e-29
34,1.7773755795683762e-28
35,5.813238884889628e-28
36,1.8824098475950015e-27
37,6.03486080597109e-27
38,1.915478951967175e-26
39,6.019280276816656e-26
40,1.872702554456246e-25
41,5.768329961247925e-25
42,1.7590915496847787e-24
43,5.311092249679133e-24
44,1.587582498264566e-23
45,4.6983548608980804e-23
46,1.3766146386619324e-22
47,3.993337409857719e-22
48,1.1468765822256122e-21
49,3.2610271807110755e-21
50,9.180137950959343e-21
51,2.5585920810487038e-20
52,7.060085337262607e-20
53,1.928749847963945e-19
54,5.216736662027112e-19
55,1.3969439431471186e-18
56,3.703531977652397e-18
57,9.720985020300918e-18
58,2.526163780925728e-17
59,6.499347972070985e-17
60,1.6555226620987978e-16
61,4.1750100558505736e-16
62,1.0424061783901747e-15
63,2.5767571091550174e-15
64,6.306189893986537e-15
65,1.5279799682873262e-14
66,3.6654333956010967e-14
67,8.705426622296311e-14
68,2.0469717131642333e-13
69,4.765304735299155e-13
70,1.0983141298286127e-12
71,2.506221887145292e-12
72,5.66199551694903e-12
73,1.2664165549094354e-11
74,2.8044047382228268e-11
75,6.148396412704843e-11
76,1.3345660848220078e-10
77,2.8679750088881385e-10
78,6.10193667760541e-10
79,1.2853372251336684e-09
80,2.6805476373126445e-09
81,5.534610071701092e-09
82,1.1313776200065446e-08
83,2.289734845645577e-08
84,4.58796248713934e-08
85,9.101470764488063e-08
86,1.7875588711280002e-07
87,3.475891281239971e-07
88,6.691586091292853e-07
89,1.275407629526062e-06
90,2.4067224363010773e-06
91,4.496349462280917e-06
92,8.316702456828452e-06
93,1.5229979744712842e-05
94,2.761242456828064e-05
95,4.95640531917255e-05
96,8.80817919646065e-05
97,0.0001549753135702913
98,0.00026995785033630476
99,0.0004655715715783144
100,0.0007949393615349238
101,0.0013438122776315332
102,0.0022490559670323663
103,0.00372665317207871
104,0.006113567966371467
105,0.009929504305851187
106,0.015966783897804915
107,0.025419346516199516
108,0.040065297392951414
109,0.06252150377482081
110,0.09659341372218486
111,0.14774836023203494
112,0.22374579372062253
113,0.3354626279025148
114,0.4979554215032783
115,0.7318024188804786
116,1.0647662366679291
117,1.5338106793244766
118,2.1874911181829044
119,3.088715408236793
120,4.317840007633112
121,5.97602289500599
122,8.18870101437414
123,11.108996538242385
124,14.920786069067946
125,19.841094744370416
126,26.121409853918394
127,34.047454734599555
128,43.936933623407704
129,56.134762834134044
130,71.0053537396374
131,88.92161745938681
132,110.25052530448579
133,135.33528323661338
134,164.47445657715568
135,197.89869908361555
136,235.74607655586456
137,278.03730045319526
138,324.652467358351
139,375.31109885140086
140,429.5573582107406
141,486.7522559599732
142,546.0744266397109
143,606.530659712635
144,666.9768108584759
145,726.1490370736924
146,782.7045382418696
147,835.2702114112733
148,882.4969025845966
149,923.1163463866367
150,955.9974818331007
151,980.1986733067557
152,995.0124791926825
153,999.9999999999999
154,995.0124791926819
155,980.1986733067546
156,955.997481833099
157,923.1163463866346
158,882.4969025845941
159,835.2702114112705
160,782.7045382418665
161,726.1490370736892
162,666.9768108584725
163,606.5306597126316
164,546.0744266397076
165,486.75225595996983
166,429.5573582107374
167,375.31109885139784
168,324.6524673583482
169,278.0373004531927
170,235.74607655586226
171,197.89869908361354
172,164.47445657715392
173,135.33528323661182
174,110.25052530448447
175,88.9216174593857
176,71.00535373963646
177,56.1347628341333
178,43.936933623407086
179,34.04745473459906
180,26.121409853918
181,19.841094744370103
182,14.920786069067708
183,11.108996538242197
184,8.188701014373994
185,5.976022895005879
186,4.317840007633031
187,3.088715408236736
188,2.1874911181828596
189,1.5338106793244453
190,1.0647662366679072
191,0.7318024188804629
192,0.4979554215032668
193,0.335462627902507
194,0.22374579372061737
195,0.14774836023203153
196,0.09659341372218246
197,0.06252150377481926
198,0.04006529739295042
199,0.025419346516198836
200,0.01596678389780449
201,0.009929504305850904
202,0.0061135679663713045
203,0.0037266531720786043
204,0.002249055967032306
205,0.0013438122776314974
206,0.0007949393615348984
207,0.0004655715715782995
208,0.00026995785033629615
209,0.00015497531357028634
210,8.8081791964604e-05
211,4.9564053191723916e-05
212,2.7612424568279757e-05
213,1.5229979744712303e-05
214,8.316702456828155e-06
215,4.496349462280757e-06
216,2.4067224363009917e-06
217,1.2754076295260123e-06
218,6.691586091292614e-07
219,3.475891281239835e-07
220,1.7875588711279366e-07
221,9.101470764487708e-08
222,4.587962487139177e-08
223,2.2897348456454956e-08
224,1.1313776200065004e-08
225,5.534610071700855e-09
226,2.6805476373125213e-09
227,1.285337225133609e-09
228,6.101936677605129e-10
229,2.8679750088880057e-10
230,1.3345660848219463e-10
231,6.148396412704581e-11
232,2.8044047382227073e-11
233,1.2664165549093814e-11
234,5.661995516948749e-12
235,2.5062218871451852e-12
236,1.0983141298285581e-12
237,4.765304735298952e-13
238,2.0469717131641313e-13
239,8.70542662229594e-14
240,3.665433395600914e-14
241,1.5279799682872394e-14
242,6.306189893986178e-15
243,2.576757109154889e-15
244,1.0424061783901228e-15
245,4.1750100558503655e-16
246,1.6555226620987036e-16
247,6.499347972070615e-17
248,2.5261637809255844e-17
249,9.720985020300365e-18
250,3.7035319776522124e-18
251,1.3969439431470493e-18
252,5.216736662026852e-19
253,1.9287498479638354e-19
254,7.060085337262205e-20
