0,3.0000000480651288
1,3.0000000740806185
2,3.000000113731987
3,3.000000173925873
4,3.000000264941076
5,3.000000402011002
6,3.000000607617285
7,3.000000914799334
8,3.0000013719083465
9,3.000002049405492
10,3.0000030495392798
11,3.00000452005903
12,3.0000066735592474
13,3.0000098146422425
14,3.000014377883703
15,3.000020980652951
16,3.000030496259604
17,3.0000441547771834
18,3.000063681365994
19,3.000091485150323
20,3.0001309159082403
21,3.000186611264648
22,3.0002649640573322
23,3.000374748458744
24,3.000527954752838
25,3.0007408969559313
26,3.001035675425987
27,3.001442099080104
28,3.002000199914751
29,3.002763507616664
30,3.003803296128609
31,3.0052140699697483
32,3.007120630334196
33,3.0096871565755206
34,3.0131288691366827
35,3.0177270240895804
36,3.023848257591342
37,3.031969698995253
38,3.042711878756663
39,3.056882383662095
40,3.075534619106663
41,3.100048149759044
42,3.132240198647989
43,3.1745223476859223
44,3.230122694859909
45,3.303402054603097
46,3.4003034685134272
47,3.528987234671566
48,3.7007182063956425
49,3.931086715712429
50,4.241656390537682
51,4.6621371140079
52,5.233173579324887
53,6.0098121081235405
54,7.065652751611671
55,8.497603008204953
56,10.4310193442207
57,13.02485404755128
58,16.47622697207484
59,21.023634369762693
60,26.94782218938299
61,34.56923197332485
62,44.24092399270508
63,56.33604445529305
64,71.2292705752844
65,89.27225470231359
66,110.76387672295851
67,135.9170384831693
68,164.82468479528433
69,197.42856392477023
70,233.49477737538908
71,272.60025317392723
72,314.13378900922805
73,357.31420629570385
74,401.226487480637
75,444.8746988355547
76,487.2482880610433
77,527.3963115405954
78,564.5026226368794
79,597.9543237571351
80,627.3960286780037
81,648.337404305501
82,657.3064806814374
83,656.8254939762007
84,650.5301362036133
85,642.5427801037682
86,636.8220709762406
87,636.627438134564
88,644.18999575291
89,660.6168588327457
90,685.9964120341654
91,719.6340548464974
92,760.3374149682948
93,806.6827990604311
94,857.2204518389369
95,910.6038450063992
96,965.6496321397768
97,1021.3466789917658
98,1076.8353790518695
99,1131.37525185124
100,1184.3129972199113
101,1235.0573608267039
102,1283.0627613733543
103,1327.8209906201125
104,1368.859138626067
105,1405.7417011841392
106,1438.0751127073243
107,1465.5133827031568
108,1487.7639196355397
109,1504.5929373708186
110,1515.8300542044933
111,1521.371835249926
112,1517.908420028528
113,1497.7782884736412
114,1461.395748709738
115,1410.0664400683174
116,1345.5704247218523
117,1270.0659439488447
118,1185.9761737262215
119,1095.8673334474024
120,1002.3267263539723
121,907.8487461851012
122,814.7356742533337
123,725.0183828858858
124,640.4000637973509
125,562.2240347462359
126,491.46475112699795
127,428.7395297442147
128,374.33729574884114
129,328.2599466829454
130,290.27168773854464
131,259.9518781887967
132,236.74745307910968
133,220.02173917203174
134,209.0973578732113
135,203.29179741368574
136,201.945057633404
137,204.43946331314754
138,210.21227195261858
139,218.76205889414445
140,229.65005599569662
141,242.4976728162449
142,256.98137262039495
143,272.8259431661906
144,289.79702624707704
145,307.6935777148327
146,326.3407423751536
147,345.5834602151259
148,365.2809801778259
149,385.3023482491176
150,405.52285718808014
151,425.8213924806259
152,446.0785783169475
153,466.17561344937707
154,485.993684783379
155,505.4138522524831
156,524.3173085411745
157,542.5859290442387
158,560.1030393896264
159,576.754338878826
160,592.4289278033573
161,607.0203946314311
162,620.42792561105
163,632.5574046198542
164,643.322475376196
165,652.6455416809961
166,660.4586844286382
167,666.70447690679
168,671.3366825505618
169,674.3208219300851
170,675.6345983950962
171,673.0281597227486
172,660.5380179724681
173,638.3879280606535
174,607.5710241460029
175,569.4296463686135
176,525.5584817091238
177,477.69439597555686
178,427.6035160650902
179,376.97566722198223
180,327.33467587365766
181,279.9706172409891
182,235.89721352598178
183,195.83469007002458
184,160.2158448514444
185,129.2111551402919
186,102.76758217022284
187,80.65535889409578
188,62.51736465685403
189,47.916533638706476
190,36.377903199457165
191,27.423176429490127
192,20.5968738536932
193,15.4841555929223
194,11.721136877998722
195,8.998978574692625
196,7.063233654598118
197,5.709920567407229
198,4.779637724547632
199,4.1507922368384875
200,3.7327444231628584
201,3.45940783543496
202,3.2836184977483587
203,3.1724094175571595
204,3.103199524222273
205,3.060825359366649
206,3.0353005888517197
207,3.0201729538243756
208,3.0113513448331077
209,3.0062894898051775
210,3.0034314193510396
211,3.0018434121800865
212,3.0009751274618632
213,3.0005079144868425
214,3.000260501417463
215,3.0001315587866895
216,3.0000654214109415
217,3.000032033930656
218,3.000015445103893
219,3.0000073326628147
220,3.000003427858402
221,3.000001577881233
222,3.000000715181095
223,3.000000319189075
224,3.0000001402717738
225,3.0000000606991817
226,3.0000000258634025
227,3.000000010851225
228,3.000000004482932
229,3.000000001823626
230,3.0000000007304655
231,3.000000000288107
232,3.000000000111892
233,3.000000000042789
234,3.000000000016112
235,3.000000000005974
236,3.000000000002181
237,3.000000000000784
238,3.0000000000002776
239,3.0000000000000964
240,3.000000000000033
241,3.000000000000011
242,3.0000000000000036
243,3.000000000000001
244,3.0
245,3.0
246,2.9999999999999996
247,2.9999999999999996
248,2.9999999999999996
249,2.9999999999999996
250,2.9999999999999996
251,2.9999999999999996
252,2.9999999999999996
253,2.9999999999999996
254,2.9999999999999996
