0,0.000000
1,0.000000
2,0.000000
3,0.000000
4,0.000000
5,0.000000
6,0.000000
7,0.000000
8,0.000000
9,0.000000
10,0.000000
11,0.000000
12,0.000000
13,0.000000
14,0.000000
15,0.000000
16,0.000000
17,0.000000
18,0.000000
19,0.000000
20,0.000000
21,0.000000
22,0.000000
23,0.000000
24,0.000000
25,0.000000
26,0.000000
27,0.000000
28,0.000000
29,0.000000
30,0.000000
31,0.000001
32,0.000002
33,0.000005
34,0.000011
35,0.000024
36,0.000050
37,0.000103
38,0.000206
39,0.000407
40,0.000792
41,0.001514
42,0.002849
43,0.005272
44,0.009599
45,0.017191
46,0.030288
47,0.052493
48,0.089497
49,0.150101
50,0.247646
51,0.401928
52,0.641706
53,1.007847
54,1.557125
55,2.366591
56,3.538290
57,5.203964
58,7.529147
59,10.715879
60,15.003081
61,20.663492
62,27.996102
63,37.313160
64,48.921199
65,63.096135
66,80.053260
67,99.913895
68,122.671411
69,148.160159
70,176.031386
71,205.740309
72,236.547993
73,267.540632
74,297.667098
75,325.793579
76,350.771912
77,371.516154
78,387.080413
79,396.730229
80,400.000000
81,392.303905
82,370.092726
83,335.833293
84,293.131321
85,246.108142
86,198.753607
87,154.393614
88,115.363634
89,82.915133
90,57.322346
91,38.118815
92,24.382605
93,15.001894
94,8.878454
95,5.054217
96,2.767552
97,1.457682
98,0.738508
99,0.359893
100,0.168700
101,0.076065
102,0.032990
103,0.013762
104,0.005523
105,0.002132
106,0.000791
107,0.000283
108,0.000097
109,0.000032
110,0.000010
111,0.000003
112,0.000001
113,0.000000
114,0.000000
115,0.000000
116,0.000000
117,0.000000
118,0.000000
119,0.000000
120,0.000000
121,0.000000
122,0.000000
123,0.000000
124,0.000000
125,0.000000
126,0.000000
127,0.000000
128,0.000000
129,0.000000
130,0.000000
131,0.000000
132,0.000000
133,0.000000
134,0.000000
135,0.000000
136,0.000000
137,0.000000
138,0.000000
139,0.000000
140,0.000000
141,0.000000
142,0.000000
143,0.000000
144,0.000000
145,0.000000
146,0.000000
147,0.000000
148,0.000000
149,0.000000
150,0.000000
151,0.000000
152,0.000000
153,0.000000
154,0.000000
155,0.000000
156,0.000000
157,0.000000
158,0.000000
159,0.000000
160,0.000000
161,0.000000
162,0.000000
163,0.000000
164,0.000000
165,0.000000
166,0.000000
167,0.000000
168,0.000000
169,0.000000
170,0.000000
171,0.000000
172,0.000000
173,0.000000
174,0.000000
175,0.000000
176,0.000000
177,0.000000
178,0.000000
179,0.000000
180,0.000000
181,0.000000
182,0.000000
183,0.000000
184,0.000000
185,0.000000
186,0.000000
187,0.000000
188,0.000000
189,0.000000
190,0.000000
191,0.000000
192,0.000000
193,0.000000
194,0.000000
195,0.000000
196,0.000000
197,0.000000
198,0.000000
199,0.000000
200,0.000000
201,0.000000
202,0.000000
203,0.000000
204,0.000000
205,0.000000
206,0.000000
207,0.000000
208,0.000000
209,0.000000
210,0.000000
211,0.000000
212,0.000000
213,0.000000
214,0.000000
215,0.000000
216,0.000000
217,0.000000
218,0.000000
219,0.000000
220,0.000000
221,0.000000
222,0.000000
223,0.000000
224,0.000000
225,0.000000
226,0.000000
227,0.000000
228,0.000000
229,0.000000
230,0.000000
231,0.000000
232,0.000000
233,0.000000
234,0.000000
235,0.000000
236,0.000000
237,0.000000
238,0.000000
239,0.000000
240,0.000000
241,0.000000
242,0.000000
243,0.000000
244,0.000000
245,0.000000
246,0.000000
247,0.000000
248,0.000000
249,0.000000
250,0.000000
251,0.000000
252,0.000000
253,0.000000
254,0.000000
