0,4.8065007065026454e-08
1,7.408043210889126e-08
2,1.1373170254464357e-07
3,1.739254402307627e-07
4,2.649404192733899e-07
5,4.0201000750268e-07
6,6.076157836420619e-07
7,9.147970727186705e-07
8,1.3719049494330263e-06
9,2.049400400655593e-06
10,3.0495316690560306e-06
11,4.5200476802550536e-06
12,6.673542359528106e-06
13,9.814617167739265e-06
14,1.4377846535919247e-05
15,2.098059791375254e-05
16,3.0496178070731237e-05
17,4.4154656056052336e-05
18,6.368118475857812e-05
19,9.148487527320829e-05
20,0.00013091548022766406
21,0.000186610571614821
22,0.0002649628706752474
23,0.0003747462837520361
24,0.0005279504766825251
25,0.0007408880245895276
26,0.00103565594141574
27,0.0014420554629146095
28,0.0020001011723058265
29,0.002763283869478953
30,0.0038027920428993613
31,0.00521294554580799
32,0.00711815330639844
33,0.00968177584496555
34,0.013117354236000273
35,0.01770276105383019
36,0.02379793670789259
37,0.031866997042922215
38,0.04250563534991206
39,0.05647489360527895
40,0.07474254263724668
41,0.09853348681443308
42,0.12939079232869288
43,0.1692491242865233
44,0.2205225599857744
45,0.2862089153287108
46,0.37001286753271956
47,0.47649026704955216
48,0.6112160893988677
49,0.7809784655979571
50,0.9940011279546423
51,1.260196394231104
52,1.5914504642704097
53,2.001942295176807
54,2.5084966304972043
55,3.130970863614436
56,3.8926742968807284
57,4.820817001862774
58,5.946983885155372
59,7.307627720077873
60,8.94457282966426
61,10.905518826182083
62,13.24453136738788
63,16.022504336789822
64,19.30757526891395
65,23.17547331360782
66,27.709776676107957
67,33.00205440860947
68,39.15186580488222
69,46.266589612630234
70,54.46105498439906
71,63.856946691299655
72,74.58195877038497
73,86.76867359488247
74,100.55314744918661
75,116.07318912449392
76,133.46632484828297
77,152.8674509900494
78,174.40618535445793
79,198.20393832259577
80,224.37073640403844
81,253.00184261912432
82,284.1742301781574
83,317.94297773915974
84,354.33766563733076
85,393.35886238367306
86,434.9747989091149
87,479.1183339730706
88,525.6843173821824
89,574.5274577530214
90,625.4607981607204
91,678.2548959088866
92,732.6377917271839
93,788.2958389892
94,844.8754452390652
95,901.9857567778271
96,959.2022928075013
97,1016.0715093306168
98,1072.1162454575565
99,1126.8419768920173
100,1179.7437741302174
101,1230.3138373419845
102,1278.0494570153255
103,1322.4612302030125
104,1363.0813474767722
105,1399.4717561999412
106,1431.2320020246477
107,1458.0065529487792
108,1479.4914189451142
109,1495.4398949713557
110,1505.6672757127346
111,1510.0544160918028
112,1505.2743399078151
113,1483.6469785918064
114,1445.5666372062974
115,1392.3174882753174
116,1325.6566711921407
117,1247.7180765017408
118,1160.8991526167638
119,1067.7390914278458
120,970.7969738987462
121,872.5379124605101
122,775.2340164690784
123,680.8852983927162
124,591.1636406141182
125,507.38087702866284
126,430.4801163487539
127,361.04781397061817
128,299.3429022726642
129,245.3385713965832
130,198.77205188445356
131,159.1979355214666
132,126.04109396408349
133,98.646008736471
134,76.32019902497797
135,58.37032240126685
136,44.13034389066553
137,32.98186070906333
138,24.36719935991195
139,17.796258339721298
140,12.848262720425181
141,9.169649533640191
142,6.469246322799925
143,4.511773197307567
144,3.1105232655281654
145,2.1198848442884612
146,1.4281825015387846
147,0.9511472732524705
148,0.6261875787143864
149,0.4075245266806631
150,0.2621776561759278
151,0.16673632434829666
152,0.1048231947862828
153,0.06514441407689728
154,0.0400211528214584
155,0.024304944205254222
156,0.014591242799670435
157,0.008659295530600642
158,0.005080020457349012
159,0.002946055895148434
160,0.0016889201820431989
161,0.0009571277110040009
162,0.0005361956382423191
163,0.0002969403972888447
164,0.00016255783833981719
165,8.797092682088081e-05
166,4.7061204814551944e-05
167,2.4887400516160704e-05
168,1.3010340248889504e-05
169,6.723422353474995e-06
170,3.434667928015457e-06
171,1.7344897497754346e-06
172,8.658673075262712e-07
173,4.272908262667705e-07
174,2.084435289229387e-07
175,1.0051847408872178e-07
176,4.791770164503484e-08
177,2.2580767172123405e-08
178,1.051898966293042e-08
179,4.843976032665727e-09
180,2.2050709345423527e-09
181,9.92283490569522e-10
182,4.414094112133375e-10
183,1.9410647954476262e-10
184,8.43783637437482e-11
185,3.625891359939616e-11
186,1.540249574368709e-11
187,6.467851338379027e-12
188,2.6848596174940744e-12
189,1.1017314784267547e-12
190,4.4691255500551376e-13
191,1.7920989045061346e-13
192,7.103853803815322e-14
193,2.7836759528899945e-14
194,1.0782909548053043e-14
195,4.129009369591522e-15
196,1.5629619178592517e-15
197,5.848487233453592e-16
198,2.1633725650171448e-16
199,7.910641645891073e-17
200,2.859464614330591e-17
201,1.021763450803362e-17
202,3.6091806679245184e-18
203,1.260258116504842e-18
204,4.350137711968958e-19
205,1.4843596146440708e-19
206,5.006887991508571e-20
207,1.6695108423355682e-20
208,5.5030471460374004e-21
209,1.793122024985557e-21
210,5.775759197244886e-22
211,1.8390813211964779e-22
212,5.788758215761405e-23
213,1.8012023674035976e-23
214,5.540286576986038e-24
215,1.6845913717844477e-24
216,5.063485097306798e-25
217,1.5045170787549827e-25
218,4.419135618739983e-26
219,1.2831285237400701e-26
220,3.682948201038881e-27
221,1.0449937281899954e-27
222,2.931057774065535e-28
223,8.126952018448518e-29
224,2.2275303719712307e-29
225,6.035485274683336e-30
226,1.6165657636426834e-30
227,4.280230731720716e-31
228,1.1202981187821638e-31
229,2.898629143037389e-32
230,7.413859026950226e-33
231,1.874513683361512e-33
232,4.685171879984221e-34
233,1.1575907901799485e-34
234,2.827334675177762e-35
235,6.826404170899112e-36
236,1.6292937750828347e-36
237,3.844141986483548e-37
238,8.965862291941232e-38
239,2.067175408349696e-38
240,4.711456843268034e-39
241,1.0615140007934991e-39
242,2.3642252850992738e-40
243,5.205286170336987e-41
244,1.1329036743977378e-41
245,2.4374402692287078e-42
246,5.1840311229290535e-43
247,1.089918038449186e-43
248,2.265232073940904e-44
249,4.653976500056569e-45
250,9.452099649397118e-46
251,1.897688906987734e-46
252,3.766295298143108e-47
253,7.389181581766319e-48
254,1.4330816392193142e-48
