2379.684580024173,0.071039
2379.784580024173,0.073214
2379.884580024173,0.075488
2379.984580024173,0.077866
2380.0845800241727,0.080355
2380.1845800241726,0.082962
2380.2845800241726,0.085694
2380.3845800241725,0.088559
2380.4845800241724,0.091566
2380.5845800241723,0.094722
2380.684580024172,0.098039
2380.784580024172,0.101526
2380.884580024172,0.105196
2380.984580024172,0.109060
2381.084580024172,0.113132
2381.1845800241717,0.117427
2381.2845800241716,0.121959
2381.3845800241716,0.126746
2381.4845800241715,0.131807
2381.5845800241714,0.137161
2381.6845800241713,0.142829
2381.784580024171,0.148836
2381.884580024171,0.155207
2381.984580024171,0.161969
2382.084580024171,0.169154
2382.184580024171,0.176793
2382.2845800241707,0.184922
2382.3845800241706,0.193581
2382.4845800241706,0.202811
2382.5845800241705,0.212659
2382.6845800241704,0.223173
2382.7845800241703,0.234408
2382.88458002417,0.246421
2382.98458002417,0.259276
2383.08458002417,0.273039
2383.18458002417,0.287783
2383.28458002417,0.303583
2383.3845800241697,0.320521
2383.4845800241696,0.338681
2383.5845800241696,0.358151
2383.6845800241695,0.379019
2383.7845800241694,0.401374
2383.8845800241693,0.425301
2383.984580024169,0.450878
2384.084580024169,0.478174
2384.184580024169,0.507237
2384.284580024169,0.538090
2384.384580024169,0.570723
2384.4845800241687,0.605077
2384.5845800241686,0.641032
2384.6845800241686,0.678395
2384.7845800241685,0.716881
2384.8845800241684,0.756100
2384.9845800241683,0.795544
2385.084580024168,0.834579
2385.184580024168,0.872450
2385.284580024168,0.908293
2385.384580024168,0.941161
2385.484580024168,0.970074
2385.5845800241677,0.994074
2385.6845800241676,1.012294
2385.7845800241676,1.024034
2385.8845800241675,1.028821
2385.9845800241674,1.013290
2386.0845800241673,0.957125
2386.184580024167,0.872409
2386.284580024167,0.774442
2386.384580024167,0.675768
2386.484580024167,0.584150
2386.584580024167,0.503139
2386.6845800241667,0.433519
2386.7845800241666,0.374612
2386.8845800241666,0.325129
2386.9845800241665,0.283646
2387.0845800241664,0.248826
2387.1845800241663,0.219501
2387.284580024166,0.194695
2387.384580024166,0.173604
2387.484580024166,0.155575
2387.584580024166,0.140079
2387.684580024166,0.126687
2387.7845800241657,0.115053
2387.8845800241656,0.104895
2387.9845800241656,0.095982
2388.0845800241655,0.088126
2388.1845800241654,0.081170
2388.2845800241653,0.074987
2388.384580024165,0.069468
2388.484580024165,0.064524
2388.584580024165,0.060079
2388.684580024165,0.056070
2388.784580024165,0.052443
2388.8845800241647,0.049151
2388.9845800241646,0.046155
2389.0845800241646,0.043421
2389.1845800241645,0.040919
2389.2845800241644,0.038625
2389.3845800241643,0.036517
2389.484580024164,0.034575
2389.584580024164,0.032782
2389.684580024164,0.031123
2389.784580024164,0.029586
2389.884580024164,0.028159
2389.9845800241637,0.026832
2390.0845800241636,0.025596
2390.1845800241636,0.024443
2390.2845800241635,0.023366
2390.3845800241634,0.022357
2390.4845800241633,0.021412
2390.584580024163,0.020526
2390.684580024163,0.019693
2390.784580024163,0.018909
2390.884580024163,0.018171
2390.984580024163,0.017475
2391.0845800241627,0.016818
2391.1845800241626,0.016197
2391.2845800241626,0.015610
2391.3845800241625,0.015054
2391.4845800241624,0.014527
2391.5845800241623,0.014027
2391.684580024162,0.013553
2391.784580024162,0.013102
2391.884580024162,0.012673
2391.984580024162,0.012265
2392.084580024162,0.011876
2392.1845800241617,0.011505
2392.2845800241616,0.011151
2392.3845800241616,0.010813
2392.4845800241615,0.010490
2392.5845800241614,0.010182
2392.6845800241613,0.009887
2392.784580024161,0.009604
2392.884580024161,0.009334
2392.984580024161,0.009074
2393.084580024161,0.008826
2393.184580024161,0.008587
2393.2845800241607,0.008358
2393.3845800241606,0.008138
2393.4845800241606,0.007926
2393.5845800241605,0.007723
2393.6845800241604,0.007527
2393.7845800241603,0.007338
2393.88458002416,0.007157
2393.98458002416,0.006982
2394.08458002416,0.006814
2394.18458002416,0.006651
2394.28458002416,0.006494
2394.3845800241597,0.006343
2394.4845800241596,0.006197
2394.5845800241595,0.006056
2394.6845800241595,0.005920
2394.7845800241594,0.005788
2394.8845800241593,0.005661
2394.984580024159,0.005537
2395.084580024159,0.005418
2395.184580024159,0.005302
2395.284580024159,0.005191
2395.384580024159,0.005082
2395.4845800241587,0.004977
2395.5845800241586,0.004875
2395.6845800241585,0.004777
2395.7845800241585,0.004681
2395.8845800241584,0.004588
2395.9845800241583,0.004498
2396.084580024158,0.004410
2396.184580024158,0.004325
2396.284580024158,0.004243
2396.384580024158,0.004163
2396.484580024158,0.004085
2396.5845800241577,0.004009
2396.6845800241576,0.003935
2396.7845800241575,0.003863
2396.8845800241575,0.003794
2396.9845800241574,0.003726
2397.0845800241573,0.003660
2397.184580024157,0.003595
2397.284580024157,0.003533
2397.384580024157,0.003471
2397.484580024157,0.003412
2397.584580024157,0.003354
2397.6845800241567,0.003298
2397.7845800241566,0.003242
2397.8845800241565,0.003189
