2379.684580024173,3.083944721193123e-20
2379.784580024173,7.858151572117604e-20
2379.884580024173,1.9823999279288632e-19
2379.984580024173,4.95129953389841e-19
2380.0845800241727,1.2243460441229235e-18
2380.1845800241726,2.9974104680782576e-18
2380.2845800241726,7.265162158608642e-18
2380.3845800241725,1.7434177363898565e-17
2380.4845800241724,4.1420435687141974e-17
2380.5845800241723,9.742825425768861e-17
2380.684580024172,2.2688836946446646e-16
2380.784580024172,5.231143124021947e-16
2380.884580024172,1.194092652593833e-15
2380.984580024172,2.698587503139559e-15
2381.084580024172,6.037985125646127e-15
2381.1845800241717,1.3375333760319023e-14
2381.2845800241716,2.9334201595013175e-14
2381.3845800241716,6.36943590613988e-14
2381.4845800241715,1.3692562327167e-13
2381.5845800241714,2.914241485921831e-13
2381.6845800241713,6.140778059807644e-13
2381.784580024171,1.281086107549832e-12
2381.884580024171,2.6460027853399816e-12
2381.984580024171,5.410773166874845e-12
2382.084580024171,1.0954319745015504e-11
2382.184580024171,2.195677514242014e-11
2382.2845800241707,4.357212596196626e-11
2382.3845800241706,8.56063542082471e-11
2382.4845800241706,1.6651766343433652e-10
2382.5845800241705,3.206798486392878e-10
2382.6845800241704,6.114206280104387e-10
2382.7845800241703,1.1541587776481864e-09
2382.88458002417,2.1569897733709145e-09
2382.98458002417,3.991054592794795e-09
2383.08458002417,7.311126630009834e-09
2383.18458002417,1.3259831301650133e-08
2383.28458002417,2.380941619829038e-08
2383.3845800241697,4.232690854866879e-08
2383.4845800241696,7.449745013284801e-08
2383.5845800241696,1.298145348850291e-07
2383.6845800241695,2.239557876415352e-07
2383.7845800241694,3.8252367028985376e-07
2383.8845800241693,6.468616335647042e-07
2383.984580024169,1.0829827206997073e-06
2384.084580024169,1.795100288747897e-06
2384.184580024169,2.9458658192284975e-06
2384.284580024169,4.786237675984391e-06
2384.384580024169,7.69896979934787e-06
2384.4845800241687,1.2261060239118506e-05
2384.5845800241686,1.933216492222803e-05
2384.6845800241686,3.0177969266522678e-05
2384.7845800241685,4.663979013592878e-05
2384.8845800241684,7.1364169885815e-05
2384.9845800241683,0.00010810876457439123
2385.084580024168,0.00016214316482247504
2385.184580024168,0.0002407650488989226
2385.284580024168,0.00035395275218456565
2385.384580024168,0.0005151743126242693
2385.484580024168,0.0007423695709304358
2385.5845800241677,0.0010591151473987109
2385.6845800241676,0.0014959712651746882
2385.7845800241676,0.002091993732552666
2385.8845800241675,0.0028963734761748845
2385.9845800241674,0.003970139797938624
2386.0845800241673,0.005387832585626094
2386.184580024167,0.0072390144036983935
2386.284580024167,0.009629458018865842
2386.384580024167,0.01268181176432851
2386.484580024167,0.016535518457766067
2386.584580024167,0.021345748360148447
2386.6845800241667,0.027281108286649192
2386.7845800241666,0.03451991269792616
2386.8845800241666,0.04324485279922387
2386.9845800241665,0.053635979089763655
2387.0845800241664,0.06586202168963741
2387.1845800241663,0.08007020817089401
2387.284580024166,0.0963748938669756
2387.384580024166,0.11484548420826578
2387.484580024166,0.13549428848268572
2387.584580024166,0.15826508284222254
2387.684580024166,0.1830232594147545
2387.7845800241657,0.20954848070739646
2387.8845800241656,0.23753072957090351
2387.9845800241656,0.26657053532133695
2388.0845800241655,0.29618396366793365
2388.1845800241654,0.32581268777018313
2388.2845800241653,0.3548391249228562
2388.384580024165,0.3826062514350042
2388.484580024165,0.40844132752389267
2388.584580024165,0.4316824090326327
2388.684580024165,0.4517062288195268
2388.784580024165,0.46795582993476265
2388.8845800241647,0.47996625035637364
2388.9845800241646,0.48738660992729627
2389.0845800241646,0.48999713642291676
2389.1845800241645,0.48864959026823546
2389.2845800241644,0.4844296423340752
2389.3845800241643,0.4774128353078713
2389.484580024164,0.46772187511149915
2389.584580024164,0.45552423085730415
2389.684580024164,0.44102732185348065
2389.784580024164,0.42447265404498585
2389.884580024164,0.4061291373522762
2389.9845800241637,0.38628584188017573
2390.0845800241636,0.36524446472179106
2390.1845800241636,0.34331177980515254
2390.2845800241635,0.32079233140970503
2390.3845800241634,0.2979816088001231
2390.4845800241633,0.2751599066617975
2390.584580024163,0.2525870359009343
2390.684580024163,0.23049800440270443
2390.784580024163,0.20909974014410238
2390.884580024163,0.188568882195258
2390.984580024163,0.1690506209609932
2391.0845800241627,0.15065852951839015
2391.1845800241626,0.13347529466418787
2391.2845800241626,0.11755423037212386
2391.3845800241625,0.10292143833626265
2391.4845800241624,0.08957847020760355
2391.5845800241623,0.07750534363625776
2391.684580024162,0.06666376855409
2391.784580024162,0.0570004502315113
2391.884580024162,0.04845035028784586
2391.984580024162,0.04093980470805341
2392.084580024162,0.03438941770121179
2392.1845800241617,0.028716670689433125
2392.2845800241616,0.0238382057435422
2392.3845800241616,0.01967176147433892
2392.4845800241615,0.016137756048395995
2392.5845800241614,0.013160526148229514
2392.6845800241613,0.010669242074278303
2392.784580024161,0.008598527719308476
2392.884580024161,0.00688881992749415
2392.984580024161,0.005486505003036419
2393.084580024161,0.004343871172468866
2393.184580024161,0.00341891500394417
2393.2845800241607,0.002675037543859592
2393.3845800241606,0.0020806626412033166
2393.4845800241606,0.0016088059628396728
2393.5845800241605,0.001236618887147527
2393.6845800241604,0.0009449270760451479
2393.7845800241603,0.0007177792872365321
2393.88458002416,0.000542018063689898
2393.98458002416,0.000406880436832466
2394.08458002416,0.00030363376722721274
2394.18458002416,0.00022524934511708837
2394.28458002416,0.00016611437487904
2394.3845800241597,0.00012178144014542132
2394.4845800241596,8.875344208436794e-05
2394.5845800241595,6.430126469004715e-05
2394.6845800241595,4.6310986754477324e-05
2394.7845800241594,3.315726991842976e-05
2394.8845800241593,2.3599549078475567e-05
2394.984580024159,1.6697784633302236e-05
2395.084580024159,1.174476187242319e-05
2395.184580024159,8.212205083690426e-06
2395.284580024159,5.708283937419973e-06
2395.384580024159,3.9444055243118835e-06
2395.4845800241587,2.7094912919786063e-06
2395.5845800241586,1.8502234072664808e-06
2395.6845800241585,1.2560033347151784e-06
2395.7845800241585,8.475935129028291e-07
2395.8845800241584,5.68610226203257e-07
2395.9845800241583,3.792031340447985e-07
2396.084580024158,2.5139658867852045e-07
2396.184580024158,1.6568265776859567e-07
2396.284580024158,1.085487771063523e-07
2396.384580024158,7.069733253113782e-08
2396.484580024158,4.577320587059772e-08
2396.5845800241577,2.94611600677708e-08
2396.6845800241576,1.8850313045370387e-08
2396.7845800241575,1.1989953539900973e-08
2396.8845800241575,7.581351694392296e-09
2396.9845800241574,4.765472826353566e-09
2397.0845800241573,2.9778002450127443e-09
2397.184580024157,1.8497597934028067e-09
2397.284580024157,1.1422609224395274e-09
2397.384580024157,7.012058229121215e-10
2397.484580024157,4.2791343141290855e-10
2397.584580024157,2.595951253610498e-10
2397.6845800241567,1.5655514975030197e-10
2397.7845800241566,9.385737267625478e-11
2397.8845800241565,5.593706020939557e-11
