0,1.5070310105163672e-09
1,2.4567524738531105e-09
2,3.987919716978346e-09
3,6.445805593296002e-09
4,1.0374180281253244e-08
5,1.662555570161733e-08
6,2.6530433200390286e-08
7,4.215589402421016e-08
8,6.669880582019552e-08
9,1.0508085655557236e-07
10,1.6484468224624437e-07
11,2.574969390536835e-07
12,4.0051150081998006e-07
13,6.203027461026098e-07
14,9.566172495082529e-07
15,1.4689888629031979e-06
16,2.2461801776754696e-06
17,3.419924110788123e-06
18,5.184825439665378e-06
19,7.827040864663626e-06
20,1.1765404276976338e-05
21,1.7610103153129114e-05
22,2.624597656000115e-05
23,3.895017066774165e-05
24,5.7557481806413246e-05
25,8.469153345475686e-05
26,0.00012408634702499392
27,0.00018103135176254548
28,0.00026298403265329106
29,0.0003804089784097654
30,0.0005479209777042534
31,0.0007858341342278941
32,0.0011222500723329653
33,0.0015958577845463441
34,0.00225966741175214
35,0.0031859624286612975
36,0.004472831822775102
37,0.006252738698177317
38,0.008703697374080006
39,0.012063770767529554
40,0.01664976705968982
41,0.022881212740638576
42,0.031310911295168775
43,0.04266366575179433
44,0.05788505099220674
45,0.07820246882541294
46,0.10520110438733249
47,0.14091782317718485
48,0.18795649780851367
49,0.24962872252500193
50,0.33012434752090597
51,0.43471672479875456
52,0.57000797755164
53,0.7442199543103362
54,0.9675367689461438
55,1.2525049126819867
56,1.6144968023760287
57,2.072243242243624
58,2.648439560754286
59,3.370429074598352
60,4.2709659609574535
61,5.389057524533225
62,6.770883170932059
63,8.47078409946224
64,10.552313780601079
65,13.089334684986559
66,16.167141511109715
67,19.88358538431287
68,24.350167279563475
69,29.693062411970956
70,36.05403075061539
71,43.59116240403142
72,52.47940071195681
73,62.910780816739724
74,75.09431767665505
75,89.25547534624616
76,105.63514931980903
77,124.48809623743617
78,146.08075067917636
79,170.6883774522516
80,198.59151995095203
81,230.07172096379622
82,265.4065116983511
83,304.8636876024949
84,348.69491540560574
85,397.12874410773054
86,450.363122629489
87,508.55755752476364
88,571.8250744000281
89,640.2241751817555
90,713.7510087293847
91,792.3319930638115
92,875.8171422490627
93,963.9743584003625
94,1056.48494823846
95,1152.9406131588125
96,1252.8421413458643
97,1355.5999998314703
98,1460.5369837991484
99,1566.8930305630852
100,1673.8322476667936
101,1780.4521400741114
102,1885.7949525065753
103,1988.8609720109032
104,2088.6235654770016
105,2184.045659883376
106,2274.097312364943
107,2357.7739655142746
108,2434.1149431349772
109,2502.2217150843944
110,2561.2754484981524
111,2610.5533676149153
112,2649.4434659858766
113,2677.4571527249664
114,2694.2394675877617
115,2699.576566335962
116,2693.400255714166
117,2675.7894435878925
118,2646.9684611317784
119,2607.30230694237
120,2557.2889540319416
121,2497.5489463781096
122,2428.812588847384
123,2351.9051000640384
124,2267.7301498645384
125,2177.252239686331
126,2081.4784045944143
127,1981.4397193669229
128,1878.1730785618352
129,1772.703692850702
130,1666.0287027974903
131,1559.102258832053
132,1452.8223549343365
133,1348.019636255836
134,1245.4483304032287
135,1145.779381201201
136,1049.5957950800791
137,957.3901461707811
138,869.5641287479294
139,786.4299964323136
140,708.2136876761257
141,635.0594071647168
142,567.0354130709311
143,504.1407503567375
144,446.31266991712533
145,393.43448137343
146,345.34360257557404
147,301.8395900283772
148,262.6919600909467
149,227.64763946936054
150,196.43791383965038
151,168.78477411295148
152,144.40658974750926
153,123.02306666123475
154,104.35947293868895
155,88.15013809611429
156,74.14125080539476
157,62.09299550738911
158,51.781080258908915
159,42.99771659019626
160,35.55211735055655
161,29.27058082456464
162,23.996229203840063
163,19.588467225439096
164,15.922222871447131
165,12.887026887894862
166,10.385981919761381
167,8.334665628421257
168,6.66000556712959
169,5.299157096260948
170,4.198409427680889
171,3.3121391504002977
172,2.601825413556312
173,2.0351363912505134
174,1.5850927537265842
175,1.229310617455264
176,0.949323815820262
177,0.7299832775715834
178,0.5589297653781347
179,0.4261351480087738
180,0.3235066904120003
181,0.24454848030310464
182,0.18407400498235935
183,0.13796399014892274
184,0.10296386175937433
185,0.0765155476279726
186,0.056618759584988715
187,0.04171735852153411
188,0.03060687885982836
189,0.022359756981278192
190,0.016265256077604415
191,0.011781498242370198
192,0.00849739745025007
193,0.0061026313106334155
194,0.004364094290747249
195,0.0031075413016885965
196,0.002203360122781627
197,0.001555606869926353
198,0.0010936038017174193
199,0.0007655366049679971
200,0.0005336023135411273
201,0.0003703524632883973
202,0.0002559520208694231
203,0.00017613581764033107
204,0.00012069314057236411
205,8.234994024612072e-05
206,5.594867168193753e-05
207,3.784966703934876e-05
208,2.5496474815251185e-05
209,1.7101885909382584e-05
210,1.1422302642764047e-05
211,7.596422521386598e-06
212,5.030490741190678e-06
213,3.3170910072907013e-06
214,2.17796156537382e-06
215,1.4239306149934857e-06
216,9.269861284322085e-07
217,6.009017027878031e-07
218,3.8786395860821687e-07
219,2.492879052012613e-07
220,1.5953970413926254e-07
221,1.0166750086251755e-07
222,6.451211873952081e-08
223,4.0761133677555494e-08
224,2.5644662920701114e-08
225,1.606547339058484e-08
226,1.0021571997766777e-08
227,6.22477941737776e-09
228,3.84997467962451e-09
229,2.3710328543534262e-09
230,1.4539954987013744e-09
231,8.878392565758158e-10
232,5.398230407703894e-10
233,3.268242567522689e-10
234,1.9702572705711983e-10
235,1.1827075984502065e-10
236,7.069319770664352e-11
237,4.207495481068188e-11
238,2.4935350731068692e-11
239,1.4714757043652004e-11
240,8.646423473604861e-12
241,5.059011887070539e-12
242,2.947410927203199e-12
243,1.7098636128732883e-12
244,9.877067981846352e-13
245,5.681204301119107e-13
246,3.2538577514116523e-13
247,1.8556775361638214e-13
248,1.0537855753697853e-13
249,5.958648677407835e-14
250,3.354973563563428e-14
251,1.8809455176910967e-14
252,1.0500479265020786e-14
253,5.836974805431374e-15
254,3.2308166131515215e-15
